101 0.0158088087851224
103 0.0186754126586413
105 0.0223979846012655
107 0.0273541869666594
109 0.0341551727610332
111 0.0438425812735195
113 0.0583101373799109
115 0.0812972179930537
117 0.121043718254879
119 0.198709244312975
121 0.382621953777051
123 0.995342031330387
125 4.85718883509233
127 4.60516022093427
129 0.962944279468225
131 0.37454834155178
133 0.195643043178451
135 0.119575979267994
137 0.0804862380437279
139 0.0578163294587928
141 0.043520105249538
143 0.0339331742743163
145 0.0271949347260404
147 0.0222799085667275
149 0.0185854646434177
151 0.0157387231891061
153 0.013498976642464
155 0.0117052308729023
157 0.0102465149959918
159 0.00904433146780556
