1 2.3558004617679
2 -0.123322176579539
3 -0.422389976502082
4 -0.481897860717702
5 -0.495135135750403
6 -0.498023340106847
7 -0.498616376925685
8 -0.498730787451352
9 -0.498751758763406
10 -0.498755453842497
11 -0.498756085324449
12 -0.498756190674316
13 -0.498756207910927
14 -0.498756210686132
15 -0.49875621112695
16 -0.498756211196188
17 -0.498756211206958
18 -0.498756211208593
19 -0.498756211208855
20 -0.498756211208893
21 -0.498756211208893
22 -0.498756211208904
23 -0.49875621120892
24 -0.498756211208932
