0.02 -0.499949272460671
0.04 -0.49979941984403
0.06 -0.499550008987956
0.08 -0.499201799917117
0.1 -0.498755453842497
0.12 -0.498212021318427
0.14 -0.497572854668058
0.16 -0.496839405026358
0.18 -0.496013349406776
0.2 -0.495096746302702
0.22 -0.494091122898607
0.24 -0.492999041348422
0.26 -0.491822994172336
0.28 -0.490565019388168
0.3 -0.489228337557276
0.32 -0.487815097050479
0.34 -0.486328083749355
0.36 -0.484770076075624
0.38 -0.483145003530545
0.4 -0.48145377831499
0.42 -0.479701703985462
0.44 -0.477890580247519
0.46 -0.476023411018502
0.48 -0.474103159083525
0.5 -0.472132723157408
0.52 -0.47011740225846
0.54 -0.468055907133019
0.56 -0.46595275480004
0.58 -0.463813827075567
0.6 -0.461636516136403
0.62 -0.459428918657605
0.64 -0.457188036970284
0.66 -0.454922434163624
0.68 -0.452627845423388
0.7 -0.45031431030238
0.72 -0.447974923793527
0.74 -0.445622975655388
0.76 -0.44325414647829
0.78 -0.44086499791488
0.8 -0.438470615826142
0.82 -0.436065281207286
0.84 -0.433642684232292
0.86 -0.43122332815707
0.88 -0.428798072809479
0.9 -0.426368671311243
0.92 -0.423925502670895
0.940000000000001 -0.421495031375445
0.960000000000001 -0.419064391994433
0.980000000000001 -0.416635020666848
