0 0 0
0.05 0.0951229424500714 0.0475463582113812
0.1 0.180967483607192 0.0903667953275678
0.15 0.258212392927517 0.128724408728087
0.2 0.327492301231193 0.162870735246473
0.25 0.389400391535702 0.19304619744038
0.3 0.444490932409031 0.21948053398839
0.35 0.493281662803099 0.242393214747109
0.4 0.536256036828512 0.261993840984954
0.45 0.573865336459596 0.278482531292333
0.5 0.606530659712633 0.292050293651777
0.55 0.634644791418535 0.302879384135956
0.6 0.658573963312832 0.311143652686322
0.65 0.678659509789321 0.317008876410459
0.7 0.695219425307973 0.320633080822015
0.75 0.708549829111522 0.322166849433268
0.8 0.718926342587555 0.321753622097107
0.85 0.726605384312835 0.319529982482213
0.9 0.731825387533078 0.315625935052778
0.95 0.734807944563552 0.310165171911929
1 0.735758882342885 0.303265329856317
1.05 0.734869273133426 0.295038237977949
1.1 0.732316384135775 0.285590156138341
1.15 0.728264569571822 0.2750220046294
1.2 0.722866108589285 0.263429585325133
1.25 0.716261992150475 0.250903794618277
1.3 0.708582661888433 0.237530828426262
1.35 0.699948703743907 0.223392379541562
1.4 0.690471499036498 0.208565827592392
1.45 0.680253835472013 0.193124421870951
1.5 0.669390480445289 0.17713745727788
1.55 0.657968718862903 0.160670443623389
1.6 0.646068857582897 0.143785268517511
1.65 0.633764698448488 0.126540354074254
1.7 0.621123981779298 0.108990807646925
1.75 0.608208802076558 0.0911885668046737
1.8 0.595075997597712 0.0731825387533078
1.85 0.581777515360422 0.0550187343966552
1.9 0.568360753046013 0.0367403972281776
1.95 0.554868879187403 0.0183881272362038
2 0.541341132946451 0
2.05 0.527813104709997 -0.0183883188520551
2.1 0.514316998662524 -0.0367434636566713
2.15 0.500881878426037 -0.0550342630422852
2.2 0.487533896794269 -0.0732316384135776
2.25 0.47429651052839 -0.0913085064445359
2.3 0.461190681124897 -0.109239685435773
2.35 0.448235062413083 -0.127001805396698
2.4 0.43544617578918 -0.144573221717857
2.45 0.422838573846915 -0.161933932303348
2.5 0.410424993119494 -0.179065498037619
2.55 0.398216496605881 -0.195950966465262
2.6 0.386222606714536 -0.21257479856653
2.65 0.374451429220277 -0.228922798515338
2.7 0.362909768794649 -0.244982046310368
2.75 0.351603236636892 -0.260740833173645
2.8 0.340536350701221 -0.276188599614599
2.85 0.329712628986579 -0.291315876061104
2.9 0.319134676327162 -0.306114225962406
2.95 0.308804265095751 -0.320576191272118
3 0.298722410207184 -0.334695240222645
3.05 0.28888943878596 -0.348465717305454
3.1 0.279305054840058 -0.361882795374597
3.15 0.269968399262353 -0.374942429793738
3.2 0.260878105461544 -0.387641314549738
3.25 0.252032350906193 -0.399976840258519
3.3 0.243428904848184 -0.411947053991518
3.35 0.235065172475662 -0.423550620853575
3.4 0.226938235730217 -0.434786787245509
3.45 0.219044891008669 -0.445655345746962
3.5 0.211381683956229 -0.456156601557418
3.55 0.2039449415451 -0.466291340435417
3.6 0.196730801620506 -0.476060798078169
3.65 0.189735240084914 -0.48546663088579
3.7 0.182954095880511 -0.494510888056359
3.75 0.176383093920068 -0.503195984959922
3.8 0.170017866106859 -0.511524677741412
3.85 0.163853970575504 -0.51950003910424
3.9 0.157886909277274 -0.527125435228033
3.95 0.152112144025557 -0.534404503775681
4 0.146525111109873 -0.541341132946451
4.05 0.141121234579897 -0.54793944153348
4.1 0.135895938294442 -0.554203759945497
4.15 0.130844656824292 -0.560138612154026
4.2 0.125962845292013 -0.565748698528777
4.25 0.121245988226494 -0.571038879525253
4.3 0.116689607504928 -0.576014160189942
4.35 0.112289269450175 -0.580679675449691
4.4 0.108040591147002 -0.585040676153123
4.45 0.103939246036519 -0.589102515833113
4.5 0.0999809688441808 -0.592870638160487
4.55 0.0961615598930591 -0.596350565060205
4.6 0.0924768888506289 -0.599547885462366
4.65 0.0889228979540546 -0.602468244661381
4.7 0.0854956047559407 -0.605117334257662
4.75 0.082191104429646 -0.607500882657146
4.8 0.0790055716705922 -0.609624646104852
4.85 0.0759352622274899 -0.611494400229626
4.9 0.0729765140950585 -0.613115932078028
4.95 0.070125748397616 -0.614495032616187
5 0.0673794699908547 -0.615637489679241
5.05 0.0647342678071894 -0.616549081348732
5.1 0.0621868149682595 -0.617235569739116
5.15 0.0597338686864741 -0.617702695175228
5.2 0.057372269975912 -0.617956170743258
5.25 0.0550989431914045 -0.618001677198458
5.3 0.0529108954132483 -0.617844858213457
5.35 0.0508052156937028 -0.61749131595167
5.4 0.0487790741802168 -0.616946606950903
5.45 0.0468297211292005 -0.616216238302826
5.5 0.0449544858231047 -0.61530566411456
5.55 0.043150775402585 -0.614220282239145
5.6 0.0414160736246088 -0.612965431262197
5.65 0.0397479395565071 -0.61154638773255
5.7 0.0381440062151725 -0.609968363625172
5.75 0.0366019791598612 -0.6082365040251
5.8 0.0351196350463594 -0.606355885021608
5.85 0.0336948201496324 -0.604331511802232
5.9 0.0323254488614668 -0.602168316936715
5.95 0.0310095021690611 -0.599871158841319
6 0.0297450261199963 -0.597444820414367
6.05 0.0285301302785318 -0.59489400783421
6.1 0.0273629861777268 -0.592223349511217
6.15 0.0262418257714638 -0.589437395185715
6.2 0.0251649398900671 -0.586540615164123
6.25 0.0241306767028464 -0.58353739968588
6.3 0.0231374401905642 -0.580432058414059
6.35 0.0221836886305162 -0.57722882004285
6.4 0.0212679330966264 -0.573931832015396
6.45 0.0203887359766972 -0.570545160345746
6.5 0.0195447095087084 -0.567072789538934
6.55 0.0187345143378331 -0.56351862260348
6.6 0.0179568580956322 -0.559886481150823
6.65 0.0172104940026958 -0.556180105576464
6.7 0.0164942194958246 -0.552403155317805
6.75 0.0158068748806809 -0.548559209183896
6.8 0.0151473420106893 -0.544651765752521
6.85 0.0145145429928342 -0.540684243830244
6.9 0.0139074389208694 -0.536659982971239
6.95 0.0133250286363469 -0.532582244050921
7 0.0127663475177632 -0.528454209890574
7.05 0.0122304662980287 -0.524278985929321
7.1 0.0117164899103758 -0.520059600940005
7.15 0.0112235563627463 -0.515799007785641
7.2 0.0107508356406242 -0.511500084213317
7.25 0.010297528638217 -0.507165633682515
7.3 0.00986286611783012 -0.502798386225022
7.35 0.00944610769722669 -0.498400999333676
7.4 0.00904654086471767 -0.493976058877381
7.45 0.00866348002168696 -0.489526080039916
7.5 0.0082962655522175 -0.485053508280188
7.55 0.00794426291945255 -0.480560720311713
7.6 0.00760686178829728 -0.476050025099204
7.65 0.00728347517404072 -0.471523664870248
7.7 0.00697353861645667 -0.466983816140187
7.75 0.00667650937892316 -0.462432590748372
7.8 0.00639186567208467 -0.457872036904095
7.85 0.00611910590156825 -0.453304140240564
7.9 0.00585774793925359 -0.448730824875392
7.95 0.00560732841758927 -0.444153954476154
8 0.00536740204644019 -0.43957533332962
8.05 0.00513754095194737 -0.434996707413388
8.1 0.00491733403687764 -0.430419765468687
8.15 0.00470638636193971 -0.425846140073191
8.2 0.00450431854754313 -0.421277408712771
8.25 0.00431076619547751 -0.416715094851151
8.3 0.004125379329992 -0.412160668996521
8.35 0.0039478218577583 -0.407615549764187
8.4 0.00377777104620465 -0.403081104934441
8.45 0.00361491701971347 -0.398558652504829
8.5 0.00345896227318095 -0.394049461736104
8.55 0.0033096212024434 -0.389554754191152
8.6 0.00316661965108236 -0.385075704766263
8.65 0.00302969447312749 -0.380613442714138
8.7 0.00289859311118482 -0.376169052658086
8.75 0.00277307318952565 -0.371743575596879
8.8 0.00265290212168039 -0.367338009899808
8.85 0.00253785673209039 -0.362953312291484
8.9 0.0024277228913798 -0.358590398825992
8.95 0.00232229516481899 -0.354250145850021
9 0.00222137647356023 -0.349933390954633
9.05 0.00212477776823604 -0.345640933915359
9.1 0.00203231771452009 -0.34137353762036
9.15 0.0019438223902602 -0.337131928986377
9.2 0.00185912499380252 -0.332916799862264
9.25 0.0017780655631358 -0.328728807919901
9.3 0.00170049070549402 -0.324568577532299
9.35 0.00162625333706533 -0.320436700638767
9.4 0.00155521243246469 -0.31633373759698
9.45 0.00148723278363692 -0.312260218021862
9.5 0.00142218476786631 -0.308216641611173
9.55 0.00135994412457784 -0.304203478957737
9.6 0.00130039174062439 -0.300221172348251
9.65 0.00124341344376306 -0.296270136548623
9.7 0.00118889980403251 -0.292350759575836
9.75 0.00113674594275194 -0.288463403456303
9.8 0.00108685134887067 -0.284608404970728
9.85 0.00103911970240562 -0.280786076385493
9.9 0.000993458704712271 -0.276996706170583
9.95 0.000949779915342358 -0.273240559704101
10 0.000907998595249697 -0.269517879963419
