0 0 0 0 0 0 0 0 0 0 0 0 0 0 0 0 0 0 0 0 0 0 0 0 0 0 0 0 0 0 0 0 
0.3 0.436908468957475 -0.186589570617598 0.226738119003866 -0.268843039232552 -0.302240333193998 -0.330862213258475 0.355964186542573 0.377888827116643 -0.39664806927818 -0.412131139339286 -0.424187836383597 -0.432665740948802 0.43742877503851 -0.438367430209918 0.435405202138435 0.428503011168208 0.417662900779505 0.402931258838975 0.384402482898482 0.362223298800353 0.336598586703762 -0.307799584439519 0.276176113186551 -0.242174963907347 -0.206367968409846 -0.169494522205027 -0.132524443425737 -0.096744132312011 0.063851873269534 0.0359888306690322 -0.0154817008873341 0.00386749607405667
0.6 0.650146497965161 -0.264957496163653 0.313503746930945 -0.356454541075026 -0.378000827943927 -0.383281249936279 0.373891501215906 0.350536392705831 -0.313915233177261 -0.265031954033089 -0.205299541671593 -0.136555820421959 0.0610322309317812 0.0187071804428516 -0.099847964461705 -0.179422899213661 -0.254420735753392 -0.321901903282823 -0.379117744747066 -0.423629896870374 -0.453427545480077 0.467041002485828 -0.463652186846613 0.443204729178075 0.406520191723156 0.355430772178124 0.292941718685958 0.223428653024983 -0.152827327435274 -0.0886118895262897 0.038951301461304 -0.00988464292669707
0.9 0.725593192688933 -0.269137757184177 0.300784887591271 -0.310710504682738 -0.283911612313717 -0.228127273684407 0.148924941334155 0.0524358750051138 0.0540346946148831 0.162185664817336 0.263236562449322 0.348599922189522 -0.41060357989581 0.443181259645068 -0.442462254316172 -0.407201874478258 -0.339007886350884 -0.242334301084964 -0.124232138368943 0.00613430148365176 0.138179457521015 -0.260754754881833 0.363120492813751 -0.435973189960004 -0.472472086126706 -0.469216152149655 -0.427132828923373 -0.352231300542467 0.256086981240728 0.155608233494269 -0.070832682322942 0.0184305479136403
1.2 0.719817785066575 -0.224873664040937 0.222696118980343 -0.179795583031757 -0.090641586763335 0.0277604928236103 -0.157896326745791 -0.280921595970078 0.378293248589983 0.434204054191974 0.437996088763655 0.386019178574441 -0.282563121385259 0.139652718611977 0.0243293562406927 0.187045830864861 0.325325354414205 0.418569125801824 0.451949094115916 0.418909387370553 0.322559589736517 -0.175685573409166 -0.000716459690467615 0.180281118507499 0.335204422029127 0.440831115967323 0.480370774884171 0.449149992344817 -0.357673398310107 -0.232284189428369 0.110927560929915 -0.0298484337798652
1.5 0.669457656183468 -0.151376363151486 0.107343364775294 -0.00858549635680554 0.129760806463879 0.272778125737709 -0.385826695880855 -0.439438455447012 0.415586128666283 0.312432685498438 0.145844173581109 -0.0530578417132781 0.244025576697321 -0.38629717400729 0.447831218925288 0.413052618352992 0.287231280669337 0.0962953998182485 -0.118126501508773 -0.307550881800608 -0.427543435865161 0.448273494556166 -0.362240087265453 0.187166976191543 -0.0369985057357005 -0.256834657301947 -0.418546994218662 -0.482954161074935 0.4390391934059 0.311795201030277 -0.158338828264461 0.0444250928992506
1.8 0.59771578583274 -0.0627416750204598 -0.0227509713822029 0.164291174760398 0.315213825275009 0.419167815240124 -0.432558447663333 -0.337639779314394 0.150091280759228 -0.0833181635474815 -0.297404836333831 -0.4282327881934 0.433743048923837 -0.308590256136363 0.0879320901173772 -0.161734085079375 -0.36242222788986 -0.449277755749992 -0.392147310702463 -0.206844776714508 0.0481577171830386 -0.289332833818583 0.434980012132842 -0.432975507789376 -0.2800810796211 -0.0255283264406521 0.243913539542974 0.434405032217537 -0.482413286964128 -0.385757814649579 0.21144339763485 -0.062370372893172
2.1 0.518837848057622 0.0309122452151592 -0.150175910901126 0.308562038821509 0.422072409997124 0.422383029788731 -0.284795779485337 -0.0425820928426766 -0.221755237420139 -0.407671747731762 -0.438485370771129 -0.296215270561693 0.0333639360493388 0.245171025245121 -0.424029921494529 -0.426198320394773 -0.247671693054728 0.037993864772687 0.308808943770732 0.44603902510437 0.386749667067733 -0.153919514057837 -0.150526519220555 0.388734331454093 0.448684162787079 0.297603508244597 0.00133944639908821 -0.303093082507253 0.47439406580676 0.44514071524058 -0.267921851048157 0.0837976021503387
2.4 0.44117752602984 0.122534839026503 -0.262125916594748 0.40351517629899 0.429722374716726 0.287359593054572 -0.0130468136706154 0.276240510554448 -0.439638370070076 -0.388505805266766 -0.140321219671209 0.182403519873355 -0.411929353644401 0.424215628017385 -0.208765266968085 0.121004258308657 0.385918242587661 0.438464151326327 0.246399870444634 -0.0854183716825371 -0.370243301240411 0.443724649934532 -0.259685516524954 -0.0785272042966016 -0.373021150264397 -0.445494321381496 -0.246185496132408 0.109705957585441 -0.409058792566304 -0.481340405198258 0.324847926109281 -0.108705891946833
2.7 0.369279468378033 0.207418218711416 -0.34987354923319 0.438297531710869 0.340969753009698 0.0613671956018639 0.264242315843555 0.443853966695554 -0.356993527727967 -0.0461328619801899 0.296903691344051 0.449546403515733 -0.307101274826821 -0.0405610825516056 0.362302617680335 0.439058622596467 0.215195397550327 -0.15808933127172 -0.422461395730471 -0.390984586814291 -0.0823774996871105 -0.286412522104747 0.450158936452357 -0.286248374835061 0.0902867435057207 0.402715537235174 0.413599580995584 0.107324974463556 0.289918481425937 0.48731433503904 -0.3788362087571 0.136965266445715
3 0.305281935691496 0.282622420353504 -0.408232587255573 0.411374955378124 0.178566452376218 -0.183540719476693 0.431526317776729 0.37220843014868 -0.0332900056493007 0.334234651845571 0.442366091106525 0.199238175836495 0.205293715026206 -0.44411727460786 0.318909389092396 -0.0706824103995274 -0.40223435263995 -0.396480842949644 -0.0550591860808972 0.33416025679993 0.437278285635634 -0.16188874514108 -0.255969132865958 0.449724943988127 0.243320002788024 -0.184220335215888 -0.447478804655548 -0.300330867815059 -0.130228113342396 -0.4586264168691 0.426241503612576 -0.168305493967604
3.3 0.249850950969292 0.346522189682137 -0.435022552157141 0.329280197134877 -0.0212173953161073 -0.373098559914154 0.422041037162367 0.102405738052383 0.312670539651109 0.4415580982523 0.156071491380644 -0.279075221281211 0.446603477598637 -0.180309691586139 -0.26322446532611 -0.447630968698773 -0.187379559104281 0.260738342816947 0.447031673269194 0.18062171269962 -0.270544076136032 0.444635170610043 -0.158654124768807 -0.29394238572502 -0.438205219326323 -0.11588364877749 0.333901724218727 0.424104517542995 -0.0485450769862119 0.394259682390924 -0.463398431545951 0.202309493105672
3.6 0.202793880952898 0.398451759815396 -0.430544597312292 0.204819593436661 -0.216675393761415 -0.452176753561956 0.241974038150009 -0.221357371726368 0.451291315685603 0.190570975715199 -0.281700291744298 -0.439541365090015 0.100620515089285 0.353461185703306 -0.402123220207721 0.0139522321962799 0.414170200600578 0.330397811232884 -0.141991268333204 -0.446881277771867 -0.220401398572857 -0.270252037649429 0.435783503019843 -0.0721127978338017 0.380870791954305 0.364019600298477 -0.108473760475576 -0.44780032521118 0.219939979146839 -0.297071017532338 0.486885972981953 -0.238411941817332
3.9 0.163455370606266 0.438428431491514 -0.397077602920591 0.0549374914740985 -0.368941987874217 -0.399414495167528 -0.0347948188860562 -0.429487323123837 0.292700664793922 -0.214192306930122 -0.447344699646661 -0.101398395881858 -0.377223119086383 0.359629511380794 0.134272371214065 0.449462613423825 0.162880019648716 -0.342974465344239 -0.385087683518968 0.0962332709562352 0.446223141530951 -0.183205718073401 -0.33327048665321 0.386254079270039 -0.102585709907088 -0.447256291806701 -0.153783965774458 0.363791237371014 -0.356906848740291 0.173801012631005 -0.493798186663941 0.275903623071125
4.2 0.130966825177364 0.466939232135132 -0.338402160446373 -0.101551962187335 -0.44908383942231 -0.231731806806473 -0.2977921928402 -0.414912603769295 -0.0575309974198915 -0.44694264763091 -0.182566911820412 0.351379389431208 -0.362176132691159 -0.16962883479376 0.445697856660787 0.0467817939523322 -0.423178630965237 -0.246350491262434 0.308505466636886 0.387632305170056 -0.133560974066812 0.446772228241158 -0.0608602643805289 -0.420845981912011 -0.235605925639784 0.326167653454184 0.36323642116599 -0.190883907475249 0.436633024281291 -0.0346036981216837 0.482000522909535 -0.313941835619296
4.5 0.104398498909791 0.484777902019143 -0.259358887997634 -0.246162511101446 -0.442914456444744 0.00186131896346502 -0.443907777725425 -0.186558573606614 -0.37028484059035 -0.322237024015859 0.25726963778815 0.408067543013578 0.124906663364357 -0.446898146687771 0.0118367054526049 -0.442986959045774 -0.140870309631199 0.402531527226001 0.252705143054263 -0.333613115681335 -0.340717447962897 -0.245790054783313 0.401536537163395 0.14946539262779 0.43543501906154 -0.0549967526635201 -0.446765789029852 -0.0292982642172289 -0.444892577115647 -0.107878830776397 -0.450350980066459 0.351566951421214
4.8 0.0828476790893959 0.492921809080397 -0.165446286798765 -0.362681845595432 -0.352885020832106 0.234930358755434 -0.417060326948666 0.137384757742378 -0.442879351779761 0.0592667762620285 0.451151938289818 0.00593068403537444 0.449551464363918 -0.0615629020555023 -0.441783718889216 -0.10936686440532 0.43010287342193 0.150185581947204 -0.416221557829521 -0.184286130502235 0.401735213114899 -0.211464077125442 -0.388390049684577 0.231009785725781 -0.378305324189281 -0.241637395558775 0.374138495089527 0.242140631874642 0.379062495980321 0.239811348903104 0.39886637995821 -0.387724981285986
5.1 0.0654857296420365 0.49244039227194 -0.0624620844932176 -0.438719891506581 -0.196923644373008 0.402437765768631 -0.22875326199349 0.391278042655858 -0.229338391393209 0.393687673116122 0.214853033356786 -0.40285971706798 0.190689681756557 0.414896188478341 -0.159029353674613 0.427262226536223 0.120804587945213 -0.438035446469933 -0.0763303968875074 0.445479755186457 0.0255212647136957 0.447707425343149 0.0320341394124701 -0.442293711093155 0.0969844372358763 0.425790416831445 -0.169804385034181 -0.393716597104252 -0.249158051501308 -0.347691984384707 -0.328817106754043 0.421295732633455
5.4 0.051579263771474 0.484428342611254 0.0438091981664639 -0.466757306819644 -0.00460405758088461 0.458525240932969 0.0476081248625337 0.446528715838798 0.131867611049653 0.416222353585114 -0.225838038257663 -0.360576524082131 -0.315261904140518 0.278151668754538 0.388447831716922 0.171740990307844 -0.435472328943686 -0.0476001076205908 0.44839834282832 -0.0851493964390788 -0.421702569264975 -0.215043660847357 0.352700106119083 0.328666677770275 0.2420252764824 -0.410800648145366 -0.0946800048984853 0.444805925055015 0.0765878659062372 0.419933909049846 0.242738185094664 -0.451125859916136
5.7 0.0404956161868018 0.469958041981052 0.147860912935441 -0.444641712116675 0.188556557124853 0.388563335751697 0.305736999402603 0.275962865340617 0.408426043939344 0.109834585558974 -0.452129601763645 0.0847296430174382 -0.413325003273356 -0.269146943253191 0.290070176397757 -0.401853762373048 -0.102302828600307 0.449089795615542 -0.111811009000231 -0.39414657126822 0.3035839523005 -0.243268091007075 -0.424293552419862 0.0270448267878293 -0.436597601915008 0.202873334125113 0.325439987080423 -0.381497133699082 0.109247371528872 -0.448308855464791 -0.14434996086016 0.476065942346104
6 0.031699248471737 0.450046893956379 0.244680744366086 -0.375529497322778 0.347604300730523 0.212466395398587 0.447313957018651 -0.0336775542567709 0.423526904282147 -0.283158002460191 -0.249984824530035 0.435480587249734 0.0226501173308186 -0.4196546971931 -0.290085285071521 -0.231898813269192 0.439639350933979 -0.0559057731504362 -0.401680235860213 0.322073210703463 0.185312112078389 0.445888822668832 0.118438393721971 -0.362788602139612 0.369848462635106 0.100691834680613 -0.439709390472866 0.219403108788805 -0.275969249788843 0.42906621014053 0.0383884598297997 -0.495010433510743
6.3 0.0247433728944463 0.42563601406356 0.329919568121736 -0.267318451915033 0.444313767514484 -0.02132970035836 0.419073841663217 -0.326398967826618 0.168171975925355 -0.453326966951684 0.188649946890291 0.300938514421291 0.429395829229251 0.0478523779184085 -0.388895870294168 0.366772181418303 0.0850894984188987 -0.43629295370874 0.279011240604553 0.201055012289631 -0.447587564628555 -0.179146573233107 0.292965749820948 0.430105582245909 -0.0811459684668514 -0.356630218927268 0.395891434625387 -0.000150200022028491 0.393973240586344 -0.363572390530963 0.0696476879404128 0.506939150289131
6.6 0.0192594736063488 0.397577524503079 0.400014251286402 -0.131657020383513 0.461976117509095 -0.249363799544626 0.232336332513567 -0.455609624871041 -0.194333963305318 -0.267410017868136 0.449088084989057 -0.168534992198725 0.282630358741624 0.444956837331582 0.157041432171276 0.287907955949574 -0.442849332932651 0.155150095169183 0.28593981538623 -0.442323881396018 0.161862907903568 -0.276429484790716 -0.442868489206662 -0.17857359229364 -0.25636974260888 0.443374628183076 -0.209174300600039 -0.219142056340483 -0.441864827996574 0.258367911039121 -0.173820324432098 -0.510958833483017
6.9 0.0149463252045237 0.366628213200385 0.452266769450186 0.0173530206277418 0.398049037386807 -0.41035865653001 -0.0419710739542527 -0.357172673376961 -0.433272129054934 0.128208797363952 0.285905881282788 -0.450655284942573 -0.228091718703126 0.187998153750086 0.442824738239705 -0.322432337041619 -0.0689582499895291 0.401202182014301 -0.397254444017028 0.0629237239740782 0.32224746368625 0.440269313934371 0.19689140154554 -0.205571773608823 0.439333725286729 -0.319195603485076 -0.053317096862224 0.380745780746922 0.410547267384029 -0.124608035003288 0.268125039346317 0.506343186152237
7.2 0.0115594634949354 0.333447853702618 0.48488274605507 0.164624226771536 0.264294661747909 -0.461518821408704 -0.300508927684473 -0.0806961475817828 -0.397226810648168 0.423438810973144 -0.146629494356057 -0.232335542888825 -0.445359662001427 -0.345084997406475 -0.00444796984182171 -0.337947118798969 0.44527943904622 -0.245415478165476 -0.122136299096258 0.404845640174062 -0.411016217790589 -0.13893872181191 0.225320241304897 0.436810447704066 -0.356925747123147 0.0427894477190442 0.296430933303487 -0.441667769530274 -0.305147762597586 -0.023071559983225 -0.346890133439963 -0.492569799721478
7.5 0.00890155282495509 0.298600801686768 0.496973104684105 0.295578450998073 0.0844639746879855 -0.389652659633003 -0.446464921604458 0.235917208583511 -0.109506544174443 0.38757217591673 -0.441183969433254 0.243733755084094 -0.0901288775698002 -0.371695642690148 -0.444362303026026 0.269618054806844 0.0537504835715167 -0.346253588572046 0.447483253852377 -0.303615352539169 -0.00490722862140118 -0.309339823264656 -0.445606186206937 -0.342669611590426 0.0585349631552186 0.254069870993521 -0.43148772105189 0.385318158842829 0.144353629339115 0.16814880550401 0.405173601441819 0.469352382562064
7.8 0.00681388723317653 0.26255983621929 0.488523021281712 0.397531541488891 -0.110007435261521 -0.21430707352025 -0.425604960723669 0.435425453490688 0.247485365015112 0.049041417828844 -0.321017843699851 0.449652227697665 0.380870203783601 0.146850287517428 -0.149602694542822 0.380352571801448 -0.447061443114002 0.322595512723551 -0.0614446342405204 -0.224641755538691 0.414800119039038 0.43013707245995 0.266106728842437 -0.00706802206504517 0.2753350162664 -0.429230858414826 0.408824134483506 -0.226273585209149 0.0427899148723508 -0.294091554380998 -0.439128999096568 -0.436666732403031
8.1 0.0051690142780591 0.225711425414677 0.46033269036305 0.460847166942941 -0.285512043310921 0.0177538773375285 -0.246115971745924 0.419198170989157 0.448151445313141 -0.327741657780146 0.100614303144666 0.157598000540186 0.363002581730634 0.450150181933423 0.392360234035906 -0.209445222567319 -0.039341596251459 0.274644725251092 -0.422332182726331 0.436738920619792 -0.314556815721093 -0.0951744795265319 0.152381876808737 0.351527100364659 -0.442064858854348 0.398395963457136 -0.236346952295988 0.0067137294252426 -0.222083351902264 0.386296692697703 0.446312171179977 0.394769137910869
8.4 0.00386446525718236 0.188361803222348 0.413934674958032 0.479765350606164 -0.412034457129104 0.245131525720476 0.024893591008295 0.195633605013756 0.366122609244536 -0.449166301067008 0.427846134260066 -0.308855309466968 -0.120487450392262 0.0940264681900016 0.286322907980238 -0.413666392751078 0.448295810740267 -0.383325647323885 0.233956476986381 -0.0337981247592254 -0.172808692077914 -0.34071337103536 -0.433886826259448 -0.433157649777022 0.340064582094625 -0.176022904012554 -0.0229415701407834 0.214647406266353 0.360444264735576 -0.433856477616355 -0.42590373192411 -0.344206060002944
8.7 0.00281741383653692 0.150743402312818 0.3514926890862 0.452844301842906 -0.468195612398199 0.408040324610996 0.286665994807063 -0.124536950487018 0.0534334158030247 -0.220981539224385 0.353995330656627 -0.433772235738891 -0.449524187873646 -0.39976169381599 -0.292362105708177 0.143320162702047 0.0256318609631685 -0.190187012657093 0.326952652173755 -0.416765735092671 0.447362969176553 0.415030334954967 0.325004943087236 0.190582660919695 -0.0310700065995524 -0.131116975175368 0.273785343610084 -0.378248774278818 -0.432085077538182 0.4309299405366 0.378827331527115 0.285814216321424
9 0.00196017666391838 0.113021286838762 0.27568668781587 0.382990812283685 -0.444751083221776 0.463937263718041 0.442278247037432 -0.383301836255733 -0.292879812130344 0.179041324608095 -0.051445379135547 -0.0793384805645017 -0.202646408638304 -0.308552867983522 -0.38864625434491 0.43668219867114 -0.449060732281207 0.425088816304507 -0.367007157990504 0.279780168263839 -0.170666109799881 -0.0486032943665253 0.0765381577516911 0.194778571425442 -0.296859564793451 0.37501836144425 -0.423646883237117 0.439787180210096 0.423425411277183 -0.377539211634835 -0.307750732086941 -0.220710506943138
9.3 0.00123635026654192 0.0752993574329433 0.189589000310283 0.277091552956522 -0.345993785728985 0.398482885220618 0.434407949236501 -0.453335705523445 -0.455094649677724 0.439962814696137 -0.408732326681469 0.362715499062363 0.303715042171723 0.233968429900788 0.156072395351174 -0.0728921888737346 -0.0125402591238979 0.0971349388895421 -0.177855234529965 0.251827791780896 -0.316447229754672 -0.36947182878925 -0.409107214935854 -0.434075612792028 0.443669264799844 -0.437787548430049 0.416959499704835 -0.382354399572149 -0.335782609373193 0.279676275322256 0.216964684694309 0.150271570752181
9.6 0.00059746980295571 0.0376261313435972 0.0965360636121216 0.145292166935482 -0.18887019464354 0.229055068308553 0.266244525518324 -0.300447602464583 -0.331539728672675 0.359350815018527 -0.383702407484186 0.404425946622148 0.421372903355051 0.434420977799447 0.443478112033456 -0.448485250201946 0.449418236190477 -0.446289019444605 0.439146470394963 -0.428076959544938 0.413204470882288 0.394690909236375 0.372736353945689 0.347579889235258 -0.319501361177529 0.288824854587753 -0.255925354655295 0.22124044964835 0.18528838146752 -0.148688448978226 -0.112143467544655 -0.0761031708505364
10 0 0 0 0 0 0 0 0 0 0 0 0 0 0 0 0 0 0 0 0 0 0 0 0 0 0 0 0 0 0 0 0 
