-5 -42756497195167.1
-4.99609375 -2.14764941013162
-4.9921875 -1.0810820487861
-4.98828125 -0.725626713025199
-4.984375 -0.547950079565647
-4.98046875 -0.441385494769244
-4.9765625 -0.37037741679138
-4.97265625 -0.319687764463751
-4.96875 -0.281697504518775
-4.96484375 -0.252173847334643
-4.9609375 -0.228577125236531
-4.95703125 -0.209291191727479
-4.953125 -0.19323862110664
-4.94921875 -0.179673508266468
-4.9453125 -0.168063068579384
-4.94140625 -0.158016597832267
-4.9375 -0.149241072187894
-4.93359375 -0.141512418750557
-4.9296875 -0.134656362612041
-4.92578125 -0.128535322201085
-4.921875 -0.123039236030138
-4.91796875 -0.118079010373732
-4.9140625 -0.113581753945727
-4.91015625 -0.109487255706269
-4.90625 -0.105745343219022
-4.90234375 -0.102313875004667
-4.8984375 -0.099157196199394
-4.89453125 -0.09624493740237
-4.890625 -0.0935510709149763
-4.88671875 -0.0910531622428317
-4.8828125 -0.0887317712993372
-4.87890625 -0.0865699695072443
-4.875 -0.0845529474455985
-4.87109375 -0.0826676938355346
-4.8671875 -0.0809027311775578
-4.86328125 -0.0792478967100896
-4.859375 -0.0776941598768576
-4.85546875 -0.0762334693961198
-4.8515625 -0.0748586244788091
-4.84765625 -0.0735631658612404
-4.84375 -0.0723412831849018
-4.83984375 -0.0711877359324106
-4.8359375 -0.0700977856603584
-4.83203125 -0.069067137690066
-4.828125 -0.0680918907516568
-4.82421875 -0.0671684933443233
-4.8203125 -0.0662937057908394
-4.81640625 -0.0654645671382932
-4.8125 -0.0646783661983849
-4.80859375 -0.0639326161359803
-4.8046875 -0.0632250321092527
-4.80078125 -0.0625535115426318
-4.796875 -0.0619161166782209
-4.79296875 -0.0613110591048345
-4.7890625 -0.060736686008373
-4.78515625 -0.0601914679245376
-4.78125 -0.0596739878061773
-4.77734375 -0.0591829312439001
-4.7734375 -0.0587170777008585
-4.76953125 -0.0582752926414604
-4.765625 -0.0578565204498115
-4.76171875 -0.0574597780473565
-4.7578125 -0.0570841491308709
-4.75390625 -0.05672877896197
-4.75 -0.0563928696479195
-4.74609375 -0.0560756758609364
-4.7421875 -0.0557765009495775
-4.73828125 -0.0554946934013631
-4.734375 -0.0552296436205881
-4.73046875 -0.0549807809894599
-4.7265625 -0.0547475711843451
-4.72265625 -0.054529513722099
-4.71875 -0.0543261397142289
-4.71484375 -0.0541370098090913
-4.7109375 -0.0539617123044674
-4.70703125 -0.0537998614147518
-4.703125 -0.0536510956786517
-4.69921875 -0.0535150764947698
-4.6953125 -0.0533914867737396
-4.69140625 -0.0532800296967446
-4.6875 -0.0531804275712649
-4.68359375 -0.0530924207758186
-4.6796875 -0.0530157667862675
-4.67578125 -0.0529502392769833
-4.671875 -0.0528956272908181
-4.66796875 -0.0528517344723995
-4.6640625 -0.052818378359792
-4.66015625 -0.0527953897300242
-4.65625 -0.0527826119944132
-4.65234375 -0.0527799006399774
-4.6484375 -0.0527871227135813
-4.64453125 -0.0528041563457548
-4.640625 -0.0528308903114103
-4.63671875 -0.0528672236249304
-4.6328125 -0.0529130651673216
-4.62890625 -0.0529683333433478
-4.625 -0.0530329557667296
-4.62109375 -0.0531068689716828
-4.6171875 -0.0531900181492086
-4.61328125 -0.0532823569067085
-4.609375 -0.0533838470496143
-4.60546875 -0.0534944583838473
-4.6015625 -0.0536141685380386
-4.59765625 -0.0537429628045303
-4.59375 -0.0538808339982863
-4.58984375 -0.054027782332919
-4.5859375 -0.0541838153131187
-4.58203125 -0.0543489476428599
-4.578125 -0.0545232011488097
-4.57421875 -0.0547066047184508
-4.5703125 -0.0548991942524757
-4.56640625 -0.0551010126310787
-4.5625 -0.055312109693829
-4.55859375 -0.0555325422328461
-4.5546875 -0.0557623739990723
-4.55078125 -0.0560016757214666
-4.546875 -0.0562505251390045
-4.54296875 -0.0565090070454024
-4.5390625 -0.0567772133465449
-4.53515625 -0.0570552431306189
-4.53125 -0.0573432027510249
-4.52734375 -0.0576412059221507
-4.5234375 -0.0579493738281679
-4.51953125 -0.0582678352450255
-4.515625 -0.0585967266758767
-4.51171875 -0.0589361925002171
-4.5078125 -0.0592863851370487
-4.50390625 -0.059647465222443
-4.5 -0.0600196018019154
-4.49609375 -0.0604029725380717
-4.4921875 -0.060797763934054
-4.48828125 -0.0612041715733416
-4.484375 -0.0616224003765416
-4.48046875 -0.0620526648758509
-4.4765625 -0.0624951895079358
-4.47265625 -0.0629502089260408
-4.46875 -0.063417968332208
-4.46484375 -0.063898723830562
-4.4609375 -0.0643927428026902
-4.45703125 -0.0649003043062408
-4.453125 -0.0654216994979339
-4.44921875 -0.0659572320822949
-4.4453125 -0.0665072187875055
-4.44140625 -0.0670719898698875
-4.4375 -0.0676518896486447
-4.43359375 -0.0682472770726231
-4.4296875 -0.0688585263209735
-4.42578125 -0.0694860274397623
-4.421875 -0.0701301870167212
-4.41796875 -0.0707914288965095
-4.4140625 -0.0714701949390399
-4.41015625 -0.0721669458236233
-4.40625 -0.0728821619019084
-4.40234375 -0.0736163441028253
-4.3984375 -0.0743700148929991
-4.39453125 -0.0751437192963877
-4.390625 -0.0759380259771879
-4.38671875 -0.0767535283904049
-4.3828125 -0.0775908460048267
-4.37890625 -0.0784506256035465
-4.375 -0.0793335426676201
-4.37109375 -0.0802403028488977
-4.3671875 -0.0811716435386024
-4.36328125 -0.0821283355388042
-4.359375 -0.0831111848445333
-4.35546875 -0.0841210345450027
-4.3515625 -0.0851587668531242
-4.34765625 -0.0862253052733615
-4.34375 -0.0873216169188711
-4.33984375 -0.0884487149898762
-4.3359375 -0.08960766142636
-4.33203125 -0.0907995697493788
-4.328125 -0.0920256081066622
-4.32421875 -0.0932870025396934
-4.3203125 -0.0945850404911237
-4.31640625 -0.0959210745732551
-4.3125 -0.0972965266203896
-4.30859375 -0.0987128920501635
-4.3046875 -0.100171744561558
-4.30078125 -0.101674741200152
-4.296875 -0.103223627824419
-4.29296875 -0.104820245010452
-4.2890625 -0.106466534436571
-4.28515625 -0.108164545793794
-4.28125 -0.109916444273259
-4.27734375 -0.111724518687468
-4.2734375 -0.113591190288703
-4.26953125 -0.115519022355303
-4.265625 -0.117510730624841
-4.26171875 -0.119569194662651
-4.2578125 -0.121697470264889
-4.25390625 -0.12389880300751
-4.25 -0.126176643066486
-4.24609375 -0.128534661450496
-4.2421875 -0.130976767805526
-4.23828125 -0.133507129971768
-4.234375 -0.136130195497213
-4.23046875 -0.138850715340096
-4.2265625 -0.141673770024331
-4.22265625 -0.144604798549178
-4.21875 -0.147649630397406
-4.21484375 -0.150814521036286
-4.2109375 -0.154106191364202
-4.20703125 -0.157531871623956
-4.203125 -0.161099350384066
-4.19921875 -0.164817029283655
-4.1953125 -0.168693984347823
-4.19140625 -0.172740034812126
-4.1875 -0.17696582055125
-4.18359375 -0.181382889393359
-4.1796875 -0.186003795824424
-4.17578125 -0.190842212854338
-4.171875 -0.195913059138722
-4.16796875 -0.201232643839907
-4.1640625 -0.206818832183628
-4.16015625 -0.21269123524484
-4.15625 -0.218871428202765
-4.15234375 -0.225383202175032
-4.1484375 -0.232252855816528
-4.14453125 -0.239509534206052
-4.140625 -0.247185624215602
-4.13671875 -0.255317217658836
-4.1328125 -0.263944656173287
-4.12890625 -0.27311317517375
-4.125 -0.282873668548755
-4.12109375 -0.293283601364635
-4.1171875 -0.304408105112361
-4.11328125 -0.316321299559211
-4.109375 -0.329107897856491
-4.10546875 -0.342865168340097
-4.1015625 -0.357705349056634
-4.09765625 -0.373758641778313
-4.09375 -0.391176954524171
-4.08984375 -0.410138620393948
-4.0859375 -0.430854403359649
-4.08203125 -0.453575220000653
-4.078125 -0.478602177762759
-4.07421875 -0.506299783197306
-4.0703125 -0.537113552950598
-4.06640625 -0.571593840400766
-4.0625 -0.610428597287992
-4.05859375 -0.654489240001697
-4.0546875 -0.704896172853362
-4.05078125 -0.763114552865693
-4.046875 -0.831097936962939
-4.04296875 -0.911510282181274
-4.0390625 -1.00808114601367
-4.03515625 -1.1261976869938
-4.03125 -1.27394066572854
-4.02734375 -1.46400844682793
-4.0234375 -1.71756500277983
-4.01953125 -2.07270552249243
-4.015625 -2.60562043267348
-4.01171875 -3.49408746200055
-4.0078125 -5.27143989784951
-4.00390625 -10.6043443834967
-4 267228107469794
-3.99609375 10.7298577951499
-3.9921875 5.39696429042439
-3.98828125 3.61963012708274
-3.984375 2.73118867783503
-3.98046875 2.19830666340151
-3.9765625 1.84320636325085
-3.97265625 1.5896973600092
-3.96875 1.39968447557767
-3.96484375 1.25200374985286
-3.9609375 1.1339568322281
-3.95703125 1.03746297774286
-3.953125 0.957135045168826
-3.94921875 0.889243495990682
-3.9453125 0.831124393833984
-3.94140625 0.780824204132099
-3.9375 0.736877793927728
-3.93359375 0.69816478469513
-3.9296875 0.663813787564045
-3.92578125 0.633136880060813
-3.921875 0.605583739835834
-3.91796875 0.580708883048941
-3.9140625 0.558147837748926
-3.91015625 0.537599532901487
-3.90625 0.518813090168329
-3.90234375 0.501577785667412
-3.8984375 0.485715328257969
-3.89453125 0.471073853770194
-3.890625 0.457523206193556
-3.88671875 0.444951195178838
-3.8828125 0.433260602047545
-3.87890625 0.422366765291204
-3.875 0.412195618797293
-3.87109375 0.402682086769186
-3.8671875 0.39376876190327
-3.86328125 0.385404810172115
-3.859375 0.377545058151605
-3.85546875 0.370149228356941
-3.8515625 0.363181295322972
-3.84765625 0.356608940757029
-3.84375 0.350403090426868
-3.83984375 0.344537518829128
-3.8359375 0.33898851034189
-3.83203125 0.333734567666452
-3.828125 0.328756160035343
-3.82421875 0.324035505000935
-3.8203125 0.319556378694905
-3.81640625 0.31530395031842
-3.8125 0.311264637329727
-3.80859375 0.307425978372624
-3.8046875 0.303776521462425
-3.80078125 0.300305725335525
-3.796875 0.297003872190841
-3.79296875 0.293861990318875
-3.7890625 0.290871785336974
-3.78515625 0.288025578935776
-3.78125 0.285316254198285
-3.77734375 0.282737206684726
-3.7734375 0.280282300587692
-3.76953125 0.27794582935634
-3.765625 0.275722480268633
-3.76171875 0.273607302498936
-3.7578125 0.271595678286722
-3.75390625 0.269683296862178
-3.75 0.267866130827618
-3.74609375 0.266140414730616
-3.7421875 0.264502625596825
-3.73828125 0.262949465218178
-3.734375 0.261477844016222
-3.73046875 0.260084866321234
-3.7265625 0.258767816926006
-3.72265625 0.257524148789131
-3.71875 0.256351471776518
-3.71484375 0.255247542342083
-3.7109375 0.254210254059327
-3.70703125 0.253237628924906
-3.703125 0.252327809363659
-3.69921875 0.251479050871907
-3.6953125 0.250689715242324
-3.69140625 0.249958264319493
-3.6875 0.249283254240304
-3.68359375 0.248663330117994
-3.6796875 0.248097221132611
-3.67578125 0.247583735994332
-3.671875 0.247121758749291
-3.66796875 0.246710244900458
-3.6640625 0.246348217818717
-3.66015625 0.246034765421558
-3.65625 0.245769037098987
-3.65234375 0.24555024086802
-3.6484375 0.245377640738913
-3.64453125 0.245250554277744
-3.640625 0.245168350351388
-3.63671875 0.245130447042158
-3.6328125 0.245136309720482
-3.62890625 0.245185449265106
-3.625 0.245277420421124
-3.62109375 0.245411820287112
-3.6171875 0.245588286923299
-3.61328125 0.245806498073526
-3.609375 0.246066169994316
-3.60546875 0.246367056384984
-3.6015625 0.246708947413318
-3.59765625 0.247091668831766
-3.59375 0.247515081179628
-3.58984375 0.247979079067109
-3.5859375 0.248483590537505
-3.58203125 0.249028576504198
-3.578125 0.249614030259394
-3.57421875 0.250239977051976
-3.5703125 0.250906473732018
-3.56640625 0.251613608459887
-3.5625 0.252361500478095
-3.55859375 0.253150299944263
-3.5546875 0.253980187823899
-3.55078125 0.25485137584183
-3.546875 0.255764106491411
-3.54296875 0.256718653100793
-3.5390625 0.257715319955801
-3.53515625 0.258754442479096
-3.53125 0.259836387465581
-3.52734375 0.260961553374112
-3.5234375 0.262130370675853
-3.51953125 0.263343302259744
-3.515625 0.264600843895756
-3.51171875 0.265903524756839
-3.5078125 0.267251908000602
-3.50390625 0.268646591412019
-3.5 0.270088208108619
-3.49609375 0.271577427309846
-3.4921875 0.273114955172508
-3.48828125 0.274701535694412
-3.484375 0.276337951688554
-3.48046875 0.278025025830473
-3.4765625 0.279763621781619
-3.47265625 0.281554645391862
-3.46875 0.283399045984554
-3.46484375 0.285297817727861
-3.4609375 0.287252001096376
-3.45703125 0.289262684427425
-3.453125 0.291331005576737
-3.44921875 0.293458153678648
-3.4453125 0.295645371016333
-3.44140625 0.297893955008055
-3.4375 0.300205260315861
-3.43359375 0.3025807010837
-3.4296875 0.305021753312437
-3.42578125 0.307529957379885
-3.421875 0.310106920714564
-3.41796875 0.312754320632626
-3.4140625 0.315473907348106
-3.41015625 0.318267507167464
-3.40625 0.321137025880284
-3.40234375 0.324084452358922
-3.3984375 0.327111862380926
-3.39453125 0.330221422689204
-3.390625 0.333415395306091
-3.38671875 0.336696142118847
-3.3828125 0.340066129755529
-3.37890625 0.34352793477178
-3.375 0.347084249170838
-3.37109375 0.350737886280924
-3.3671875 0.35449178701624
-3.36328125 0.358349026550173
-3.359375 0.362312821431637
-3.35546875 0.36638653717843
-3.3515625 0.370573696384298
-3.34765625 0.374877987379888
-3.34375 0.379303273491346
-3.33984375 0.383853602944345
-3.3359375 0.388533219465858
-3.33203125 0.393346573640863
-3.328125 0.398298335086647
-3.32421875 0.40339340551344
-3.3203125 0.408636932746808
-3.31640625 0.414034325794714
-3.3125 0.41959127105043
-3.30859375 0.425313749731759
-3.3046875 0.43120805666733
-3.30078125 0.437280820552217
-3.296875 0.443539025808051
-3.29296875 0.449990036197214
-3.2890625 0.456641620356857
-3.28515625 0.463501979436687
-3.28125 0.470579777044889
-3.27734375 0.477884171729601
-3.2734375 0.48542485224938
-3.26953125 0.493212075915413
-3.265625 0.501256710321586
-3.26171875 0.509570278816219
-3.2578125 0.518165010112224
-3.25390625 0.527053892481165
-3.25 0.536250733032565
-3.24609375 0.545770222643316
-3.2421875 0.555628007175006
-3.23828125 0.565840765700658
-3.234375 0.57642629655851
-3.23046875 0.587403612161422
-3.2265625 0.598793043618461
-3.22265625 0.610616356373679
-3.21875 0.622896878239055
-3.21484375 0.635659641399032
-3.2109375 0.648931540197694
-3.20703125 0.66274150679297
-3.203125 0.677120707083025
-3.19921875 0.692102759687225
-3.1953125 0.707723981209227
-3.19140625 0.724023661536762
-3.1875 0.741044373558361
-3.18359375 0.758832322422996
-3.1796875 0.777437740359899
-3.17578125 0.796915334145653
-3.171875 0.817324793594355
-3.16796875 0.838731371004612
-3.1640625 0.861206543389638
-3.16015625 0.884828771624043
-3.15625 0.909684373467742
-3.15234375 0.93586853090648
-3.1484375 0.963486456551378
-3.14453125 0.992654749189927
-3.140625 1.02350297526772
-3.13671875 1.05617552148714
-3.1328125 1.09083377434116
-3.12890625 1.12765869593224
-3.125 1.16685388276362
-3.12109375 1.20864921656129
-3.1171875 1.2533052452673
-3.11328125 1.30111847045254
-3.109375 1.35242776775402
-3.10546875 1.40762223408376
-3.1015625 1.4671508457401
-3.09765625 1.53153443447442
-3.09375 1.60138065758332
-3.08984375 1.67740287325181
-3.0859375 1.76044416372731
-3.08203125 1.85150822226829
-3.078125 1.95179950618875
-3.07421875 2.0627760698234
-3.0703125 2.18622000849423
-3.06640625 2.32433276506718
-3.0625 2.47986617648247
-3.05859375 2.65630593891313
-3.0546875 2.85813370086636
-3.05078125 3.09121012235048
-3.046875 3.36334946364689
-3.04296875 3.68520758616257
-3.0390625 4.07170275382083
-3.03515625 4.54438363540858
-3.03125 5.13557330871818
-3.02734375 5.89606526827968
-3.0234375 6.91051544087195
-3.01953125 8.3313046197059
-3.015625 10.4631945499544
-3.01171875 14.0172961854475
-3.0078125 21.1269427155999
-3.00390625 42.4588007542342
-3 -1.42521657317224E+15
-2.99609375 -42.8775176735877
-2.9921875 -21.5456933781787
-2.98828125 -14.4361029677793
-2.984375 -10.882079888249
-2.98046875 -8.75029097658651
-2.9765625 -7.32962530386473
-2.97265625 -6.31532115284905
-2.96875 -5.55499776244887
-2.96484375 -4.96399924258068
-2.9609375 -4.49153214015351
-2.95703125 -4.10527342364655
-2.953125 -3.78367447543302
-2.94921875 -3.51181708768195
-2.9453125 -3.27904546004814
-2.94140625 -3.07754539831753
-2.9375 -2.90145631359043
-2.93359375 -2.74629663354686
-2.9296875 -2.60858074331808
-2.92578125 -2.48555689242624
-2.921875 -2.37502372966866
-2.91796875 -2.27519925663316
-2.9140625 -2.18462552118916
-2.91015625 -2.10209817357183
-2.90625 -2.02661363347004
-2.90234375 -1.95732893703806
-2.8984375 -1.89353085000568
-2.89453125 -1.83461184456595
-2.890625 -1.78005122409681
-2.88671875 -1.7294001531365
-2.8828125 -1.68226968138773
-2.87890625 -1.63832108568033
-2.875 -1.59725802283951
-2.87109375 -1.55882010932915
-2.8671875 -1.5227776339228
-2.86328125 -1.48892717679774
-2.859375 -1.45708795880385
-2.85546875 -1.4270987827668
-2.8515625 -1.39881545776739
-2.84765625 -1.37210861970966
-2.84375 -1.34686187882828
-2.83984375 -1.32297023831653
-2.8359375 -1.30033873888959
-2.83203125 -1.27888129250308
-2.828125 -1.2585196751353
-2.82421875 -1.23918265389029
-2.8203125 -1.22080522798288
-2.81640625 -1.20332796664491
-2.8125 -1.18669642981959
-2.80859375 -1.17086065981761
-2.8046875 -1.15577473400157
-2.80078125 -1.14139637012291
-2.796875 -1.1276865772246
-2.79296875 -1.11460934609229
-2.7890625 -1.10213137412838
-2.78515625 -1.09022182026862
-2.78125 -1.07885208618727
-2.77734375 -1.06799562056301
-2.7734375 -1.05762774362387
-2.76953125 -1.04772548956589
-2.765625 -1.03826746476157
-2.76171875 -1.02923371994717
-2.7578125 -1.02060563481182
-2.75390625 -1.01236581361153
-2.75 -1.00449799060357
-2.74609375 -0.996986944244769
-2.7421875 -0.989818419225617
-2.73828125 -0.98297905552264
-2.734375 -0.976456323748078
-2.73046875 -0.970238466159292
-2.7265625 -0.96431444276332
-2.72265625 -0.95867388201579
-2.71875 -0.953307035668925
-2.71484375 -0.948204737372347
-2.7109375 -0.943358364673284
-2.70703125 -0.93875980410053
-2.703125 -0.934401419049799
-2.69921875 -0.930276020217561
-2.6953125 -0.926376838356402
-2.69140625 -0.922697499148129
-2.6875 -0.919232000011121
-2.68359375 -0.915974688676831
-2.6796875 -0.912920243386406
-2.67578125 -0.910063654572916
-2.671875 -0.907400207907552
-2.66796875 -0.904925468599729
-2.6640625 -0.902635266851393
-2.66015625 -0.900525684374999
-2.65625 -0.89859304189317
-2.65234375 -0.896833887545307
-2.6484375 -0.895244986133378
-2.64453125 -0.893823309145059
-2.640625 -0.892566025498024
-2.63671875 -0.891470492954097
-2.6328125 -0.890534250156439
-2.62890625 -0.889755009247202
-2.625 -0.889130649026576
-2.62109375 -0.888659208617786
-2.6171875 -0.888338881605372
-2.61328125 -0.888168010617233
-2.609375 -0.888145082323235
-2.60546875 -0.888268722825549
-2.6015625 -0.88853769341828
-2.59765625 -0.888950886695533
-2.59375 -0.889507322989287
-2.58984375 -0.890206147119816
-2.5859375 -0.891046625443085
-2.58203125 -0.892028143181052
-2.578125 -0.893150202021896
-2.57421875 -0.894412417978743
-2.5703125 -0.895814519496345
-2.56640625 -0.897356345796393
-2.5625 -0.899037845453213
-2.55859375 -0.90085907519228
-2.5546875 -0.902820198905268
-2.55078125 -0.904921486875875
-2.546875 -0.907163315211723
-2.54296875 -0.9095461654782
-2.5390625 -0.912070624531079
-2.53515625 -0.914737384545242
-2.53125 -0.917547243237834
-2.52734375 -0.920501104284465
-2.5234375 -0.923599977928202
-2.51953125 -0.926844981781365
-2.515625 -0.930237341821016
-2.51171875 -0.93377839357968
-2.5078125 -0.937469583533363
-2.50390625 -0.941312470689769
-2.5 -0.945308728380167
-2.49609375 -0.949460146259031
-2.4921875 -0.953768632516493
-2.48828125 -0.958236216309023
-2.484375 -0.962865050414804
-2.48046875 -0.967657414120903
-2.4765625 -0.97261571635016
-2.47265625 -0.977742499036583
-2.46875 -0.983040440758923
-2.46484375 -0.988512360643018
-2.4609375 -0.994161222544487
-2.45703125 -0.999990139524497
-2.453125 -1.00600237863217
-2.44921875 -1.01220136600877
-2.4453125 -1.01859069232971
-2.44140625 -1.02517411860194
-2.4375 -1.03195558233577
-2.43359375 -1.03893920411161
-2.4296875 -1.04612929456375
-2.42578125 -1.05353036180531
-2.421875 -1.06114711932015
-2.41796875 -1.06898449434979
-2.4140625 -1.07704763680564
-2.41015625 -1.08534192873905
-2.40625 -1.09387299440472
-2.40234375 -1.10264671095555
-2.3984375 -1.11166921981018
-2.39453125 -1.12094693873796
-2.390625 -1.13048657470971
-2.38671875 -1.14029513756656
-2.3828125 -1.15037995456363
-2.37890625 -1.16074868584996
-2.375 -1.17140934095158
-2.37109375 -1.18237029632983
-2.3671875 -1.19364031409375
-2.36328125 -1.20522856195195
-2.359375 -1.21714463449691
-2.35546875 -1.22939857592293
-2.3515625 -1.242000904288
-2.34765625 -1.2549626374397
-2.34375 -1.26829532073669
-2.33984375 -1.28201105670865
-2.3359375 -1.29612253681189
-2.33203125 -1.31064307545178
-2.328125 -1.32558664646025
-2.32421875 -1.34096792223413
-2.3203125 -1.35680231576089
-2.31640625 -1.37310602578013
-2.3125 -1.38989608535455
-2.30859375 -1.40719041415156
-2.3046875 -1.42500787476782
-2.30078125 -1.44336833346337
-2.296875 -1.46229272571092
-2.29296875 -1.48180312700879
-2.2890625 -1.50192282945497
-2.28515625 -1.5226764246338
-2.28125 -1.54408989342854
-2.27734375 -1.56619070344193
-2.2734375 -1.58900791478508
-2.26953125 -1.61257229508282
-2.265625 -1.63691644464393
-2.26171875 -1.66207493285759
-2.2578125 -1.68808444700623
-2.25390625 -1.71498395483129
-2.25 -1.74281488235584
-2.24609375 -1.77162130865858
-2.2421875 -1.80145017951271
-2.23828125 -1.83235154205408
-2.234375 -1.86437880293143
-2.23046875 -1.89758901272459
-2.2265625 -1.93204317980019
-2.22265625 -1.96780661721986
-2.21875 -2.00494932683195
-2.21484375 -2.04354642527892
-2.2109375 -2.08367861735353
-2.20703125 -2.12543272295714
-2.203125 -2.16890226487532
-2.19921875 -2.21418812571811
-2.1953125 -2.26139928370761
-2.19140625 -2.3106536385763
-2.1875 -2.36207894071727
-2.18359375 -2.41581383896384
-2.1796875 -2.47200906505062
-2.17578125 -2.53082877601725
-2.171875 -2.5924520796821
-2.16796875 -2.65707477298727
-2.1640625 -2.72491132869377
-2.16015625 -2.79619717282754
-2.15625 -2.87119130375756
-2.15234375 -2.95017931422473
-2.1484375 -3.03347689054847
-2.14453125 -3.12143387928864
-2.140625 -3.2144390317002
-2.13671875 -3.31292556153974
-2.1328125 -3.41737768367817
-2.12890625 -3.52833834156924
-2.125 -3.6464183836363
-2.12109375 -3.77230751575183
-2.1171875 -3.90678744423166
-2.11328125 -4.05074773808856
-2.109375 -4.20520509036016
-2.10546875 -4.37132685975228
-2.1015625 -4.55046004499078
-2.09765625 -4.74416721303989
-2.09375 -4.95427140939842
-2.08984375 -5.18291278414913
-2.0859375 -5.43262066150225
-2.08203125 -5.70640620066283
-2.078125 -6.00788285498722
-2.07421875 -6.34142487090239
-2.0703125 -6.71237861982993
-2.06640625 -7.1273485178818
-2.0625 -7.59459016547751
-2.05859375 -8.12456074284759
-2.0546875 -8.73070528936521
-2.05078125 -9.4306058810771
-2.046875 -10.2477053970491
-2.04296875 -11.2139715219556
-2.0390625 -12.3741591502837
-2.03515625 -13.792914393408
-2.03125 -15.567206592052
-2.02734375 -17.8494163395185
-2.0234375 -20.8935115282615
-2.01953125 -25.1566346524709
-2.015625 -31.5530710647062
-2.01171875 -42.2161537460154
-2.0078125 -63.5458823867673
-2.00390625 -127.542256953138
-2 6.41347457927506E+15
-1.99609375 128.465062717343
-1.9921875 64.4687544050218
-1.98828125 43.1391358216843
-1.984375 32.4762071664931
-1.98046875 26.0799688091227
-1.9765625 21.8170878185352
-1.97265625 18.773278895774
-1.96875 16.4913996072701
-1.96484375 14.7174821293699
-1.9609375 13.2991459462359
-1.95703125 12.1394218035173
-1.953125 11.1736636852631
-1.94921875 10.3571168015621
-1.9453125 9.65781358154805
-1.94140625 9.05231126926994
-1.9375 8.52302792117186
-1.93359375 8.05651863981915
-1.9296875 7.6423263964397
-1.92578125 7.27219575166896
-1.921875 6.9395224601256
-1.91796875 6.63896033087881
-1.9140625 6.36613530784028
-1.91015625 6.11743413793363
-1.90625 5.88984587227231
-1.90234375 5.68084140710657
-1.8984375 5.48828082306333
-1.89453125 5.31034131571628
-1.890625 5.14546056965484
-1.88671875 4.99229184831201
-1.8828125 4.84966806587558
-1.87890625 4.71657281307189
-1.875 4.59211681566359
-1.87109375 4.47551867326925
-1.8671875 4.36608899726302
-1.86328125 4.26321726794042
-1.859375 4.16636088220476
-1.85546875 4.07503597735364
-1.8515625 3.98880970378981
-1.84765625 3.9072936865951
-1.84375 3.83013846791791
-1.83984375 3.75702876271922
-1.8359375 3.6876793923197
-1.83203125 3.62183178540913
-1.828125 3.55925095624202
-1.82421875 3.49972288579172
-1.8203125 3.44305224454548
-1.81640625 3.38906040605851
-1.8125 3.33758370886758
-1.80859375 3.28847193128462
-1.8046875 3.24158694927003
-1.80078125 3.19680155225832
-1.796875 3.15399839567505
-1.79296875 3.11306907209371
-1.7890625 3.07391328565493
-1.78515625 3.03643811660752
-1.78125 3.00055736470833
-1.77734375 2.96619096179805
-1.7734375 2.93326444520683
-1.76953125 2.90170848477429
-1.765625 2.87145845723122
-1.76171875 2.84245406251035
-1.7578125 2.81463897725448
-1.75390625 2.78796054139114
-1.75 2.76236947415981
-1.74609375 2.73781961642216
-1.7421875 2.71426769647025
-1.73828125 2.69167311688035
-1.734375 2.66999776024865
-1.73046875 2.64920581189588
-1.7265625 2.62926359784687
-1.72265625 2.61013943658205
-1.71875 2.59180350322489
-1.71484375 2.57422770497571
-1.7109375 2.55738556673148
-1.70703125 2.54125212594401
-1.703125 2.52580383586899
-1.69921875 2.51101847644662
-1.6953125 2.49687507213249
-1.69140625 2.48335381606665
-1.6875 2.47043600002989
-1.68359375 2.45810394969134
-1.6796875 2.44634096469951
-1.67578125 2.43513126321269
-1.671875 2.42445993050299
-1.66796875 2.41431287130318
-1.6640625 2.40467676559629
-1.66015625 2.39553902757568
-1.65625 2.38688776752873
-1.65234375 2.378711756419
-1.6484375 2.37100039296262
-1.64453125 2.36374367301252
-1.640625 2.35693216108072
-1.63671875 2.35055696384381
-1.6328125 2.34460970549
-1.62890625 2.33908250477878
-1.625 2.33396795369476
-1.62109375 2.32925909758803
-1.6171875 2.32494941670156
-1.61328125 2.32103280899582
-1.609375 2.31750357418719
-1.60546875 2.31435639892438
-1.6015625 2.31158634303349
-1.59765625 2.30918882676769
-1.59375 2.30715961900346
-1.58984375 2.30549482632984
-1.5859375 2.30419088298173
-1.58203125 2.30324454157295
-1.578125 2.3026528645877
-1.57421875 2.30241321659372
-1.5703125 2.30252325714295
-1.56640625 2.30298093432903
-1.5625 2.30378447897386
-1.55859375 2.30493239941775
-1.5546875 2.3064234768908
-1.55078125 2.3082567614451
-1.546875 2.31043156842986
-1.54296875 2.31294747549339
-1.5390625 2.31580432009844
-1.53515625 2.31900219753852
-1.53125 2.32254145944577
-1.52734375 2.32642271278144
-1.5234375 2.3306468193032
-1.51953125 2.33521489550383
-1.515625 2.34012831301849
-1.51171875 2.34538869949896
-1.5078125 2.35099793995476
-1.50390625 2.35695817856305
-1.5 2.36327182095042
-1.49609375 2.36994153695125
-1.4921875 2.3769702638497
-1.48828125 2.38436121011269
-1.484375 2.39211785962428
-1.48046875 2.40024397643271
-1.4765625 2.40874361002344
-1.47265625 2.41762110113343
-1.46875 2.42688108812359
-1.46484375 2.43652851392869
-1.4609375 2.44656863360557
-1.45703125 2.45700702250355
-1.453125 2.46784958508204
-1.44921875 2.4791025644043
-1.4453125 2.49077255233749
-1.44140625 2.50286650049302
-1.4375 2.51539173194344
-1.43359375 2.52835595375599
-1.4296875 2.54176727038536
-1.42578125 2.55563419797304
-1.421875 2.56996567960349
-1.41796875 2.58477110157236
-1.4140625 2.60006031072612
-1.41015625 2.61584363293747
-1.40625 2.63213189278635
-1.40234375 2.64893643452213
-1.3984375 2.66626914438847
-1.39453125 2.68414247439989
-1.390625 2.70256946766541
-1.38671875 2.72156378536394
-1.3828125 2.74113973548364
-1.37890625 2.76131230344776
-1.375 2.78209718476
-1.37109375 2.80351081981331
-1.3671875 2.82557043101879
-1.36328125 2.8482940624255
-1.359375 2.87170062201614
-1.35546875 2.89580992688097
-1.3515625 2.92064275148975
-1.34765625 2.9462208793018
-1.34375 2.97256715797661
-1.33984375 2.99970555847064
-1.3359375 3.02766123833401
-1.33203125 3.05646060954967
-1.328125 3.08613141129027
-1.32421875 3.11670278800511
-1.3203125 3.14820537328893
-1.31640625 3.18067138002975
-1.3125 3.2141346973824
-1.30859375 3.24863099517021
-1.3046875 3.28419783637895
-1.30078125 3.32087479847628
-1.296875 3.35870360436726
-1.29296875 3.39772826388344
-1.2890625 3.43799522679928
-1.28515625 3.47955354847959
-1.28125 3.52245506938386
-1.27734375 3.56675460979159
-1.2734375 3.61251018126921
-1.26953125 3.65978321657467
-1.265625 3.7086388198964
-1.26171875 3.759146039549
-1.2578125 3.81137816550626
-1.25390625 3.86541305444397
-1.25 3.92133348530064
-1.24609375 3.97922754874485
-1.2421875 4.03918907437616
-1.23828125 4.10131809998824
-1.234375 4.16572138779991
-1.23046875 4.23251299322556
-1.2265625 4.30181489252386
-1.22265625 4.37375767655509
-1.21875 4.4484813189084
-1.21484375 4.52613602786385
-1.2109375 4.60688319305507
-1.20703125 4.690896439339
-1.203125 4.77836280230342
-1.19921875 4.86948404210663
-1.1953125 4.96447811501436
-1.19140625 5.06358082516135
-1.1875 5.16704768281904
-1.18359375 5.27515599992494
-1.1796875 5.38820725897752
-1.17578125 5.50652979781878
-1.171875 5.63048186055955
-1.16796875 5.76045507424974
-1.1640625 5.89687842225136
-1.16015625 6.04022279911574
-1.15625 6.19100624872724
-1.15234375 6.34980000835087
-1.1484375 6.51723550703773
-1.14453125 6.69401249894321
-1.140625 6.88090855223324
-1.13671875 7.07879016469624
-1.1328125 7.28862584096984
-1.12890625 7.51150154748138
-1.125 7.74863906522714
-1.12109375 8.00141789473923
-1.1171875 8.2714015420842
-1.11328125 8.56036924338246
-1.109375 8.87035448747844
-1.10546875 9.20369209924405
-1.1015625 9.56307618830093
-1.09765625 9.95163200547822
-1.09375 10.3730057634279
-1.08984375 10.8314778887492
-1.0859375 11.3321071611024
-1.08203125 11.8809160349737
-1.078125 12.4851315580203
-1.07421875 13.153502368942
-1.0703125 13.8967213613667
-1.06640625 14.7279975232792
-1.0625 15.6638422162974
-1.05859375 16.7251699667214
-1.0546875 17.9388710242426
-1.05078125 19.3401097170526
-1.046875 20.9757719845848
-1.04296875 22.9097933827453
-1.0390625 25.2316838923752
-1.03515625 28.0707359334591
-1.03125 31.6208883901054
-1.02734375 36.1869026570707
-1.0234375 42.2767147329663
-1.01953125 50.8046098254982
-1.015625 63.5991588647983
-1.01171875 84.9270280437428
-1.0078125 127.588216979681
-1.00390625 255.582725847507
-1 -2.56538983171002E+16
-0.99609375 -256.428308783458
-0.9921875 -128.433846666255
-0.98828125 -85.7727348954595
-0.984375 -64.4449735960099
-0.98046875 -51.6505632274428
-0.9765625 -43.1228376413232
-0.97265625 -37.0332259467417
-0.96875 -32.4674429768129
-0.96484375 -28.9175527776293
-0.9609375 -26.0787940039469
-0.95703125 -23.7572278264148
-0.953125 -21.8235618852795
-0.94921875 -20.1882862655448
-0.9453125 -18.7874654828552
-0.94140625 -17.5742136751061
-0.9375 -16.5133665972705
-0.93359375 -15.5780340887128
-0.9296875 -14.7473017181298
-0.92578125 -14.0046582248937
-0.921875 -13.3368947280539
-0.91796875 -12.7333184471152
-0.9140625 -12.185180862663
-0.91015625 -11.6852550525373
-0.90625 -11.2275186940191
-0.90234375 -10.8069131455504
-0.8984375 -10.4191581250343
-0.89453125 -10.0606075707906
-0.890625 -9.72813638950368
-0.88671875 -9.41905063568242
-0.8828125 -9.13101565528135
-0.87890625 -8.86199813706086
-0.875 -8.61021902936924
-0.87109375 -8.37411501756239
-0.8671875 -8.15230679957706
-0.86328125 -7.94357280002962
-0.859375 -7.74682726534949
-0.85546875 -7.56110191110539
-0.8515625 -7.38553046717331
-0.84765625 -7.21933560062297
-0.84375 -7.06181780022365
-0.83984375 -6.91234588765919
-0.8359375 -6.77034888433695
-0.83203125 -6.63530901311282
-0.828125 -6.50675565437994
-0.82421875 -6.38426010806538
-0.8203125 -6.26743103889919
-0.81640625 -6.15591050319222
-0.8125 -6.0493704723225
-0.80859375 -5.94750978197179
-0.8046875 -5.85005144751076
-0.80078125 -5.75674029527768
-0.796875 -5.6673408672286
-0.79296875 -5.58163556285552
-0.7890625 -5.49942298761703
-0.78515625 -5.42051648160015
-0.78125 -5.34474280588672
-0.77734375 -5.27194096725825
-0.7734375 -5.20196116454648
-0.76953125 -5.13466384219825
-0.765625 -5.06991883854887
-0.76171875 -5.00760461793815
-0.7578125 -4.94760757720513
-0.75390625 -4.8898214182993
-0.75 -4.83414657977967
-0.74609375 -4.78048972086213
-0.7421875 -4.72876325244426
-0.73828125 -4.67888491020218
-0.734375 -4.63077736543126
-0.73046875 -4.5843678698042
-0.7265625 -4.53958793065748
-0.72265625 -4.49637301379955
-0.71875 -4.45466227116778
-0.71484375 -4.41439829095444
-0.7109375 -4.37552686807964
-0.70703125 -4.33799679311537
-0.703125 -4.30175965796437
-0.69921875 -4.26676967677453
-0.6953125 -4.23298352072461
-0.69140625 -4.20036016545648
-0.6875 -4.16886075005044
-0.68359375 -4.13844844655065
-0.6796875 -4.10908833914371
-0.67578125 -4.08074731218064
-0.671875 -4.05339394630969
-0.66796875 -4.02699842205648
-0.6640625 -4.00153243025008
-0.66015625 -3.97696908874869
-0.65625 -3.95328286496946
-0.65234375 -3.93044950377045
-0.6484375 -3.90844596027432
-0.64453125 -3.88725033725887
-0.640625 -3.86684182677305
-0.63671875 -3.84720065566624
-0.6328125 -3.82830803474539
-0.62890625 -3.8101461112998
-0.625 -3.79269792475399
-0.62109375 -3.77594736523059
-0.6171875 -3.75987913482205
-0.61328125 -3.74447871138778
-0.609375 -3.72973231470751
-0.60546875 -3.71562687483563
-0.6015625 -3.70215000251458
-0.59765625 -3.68928996151557
-0.59375 -3.67703564278677
-0.58984375 -3.66537654029782
-0.5859375 -3.65430272847883
-0.58203125 -3.64380484116033
-0.578125 -3.63387405192747
-0.57421875 -3.62450205580964
-0.5703125 -3.61568105223229
-0.56640625 -3.60740372916383
-0.5625 -3.59966324839666
-0.55859375 -3.59245323190501
-0.5546875 -3.58576774922867
-0.55078125 -3.57960130583479
-0.546875 -3.57394883241494
-0.54296875 -3.56880567507769
-0.5390625 -3.56416758640151
-0.53515625 -3.560030717315
-0.53125 -3.55639160977633
-0.52734375 -3.55324719022478
-0.5234375 -3.55059476378221
-0.51953125 -3.54843200918355
-0.515625 -3.54675697441865
-0.51171875 -3.54556807307069
-0.5078125 -3.54486408133804
-0.50390625 -3.54464413572959
-0.5 -3.54490773142563
-0.49609375 -3.54565472129817
-0.4921875 -3.54688531558822
-0.48828125 -3.54860008223802
-0.484375 -3.55079994787979
-0.48046875 -3.55348619948436
-0.4765625 -3.55666048667524
-0.47265625 -3.56032482471602
-0.46875 -3.56448159818152
-0.46484375 -3.56913356532523
-0.4609375 -3.57428386315814
-0.45703125 -3.57993601325712
-0.453125 -3.58609392832234
-0.44921875 -3.5927619195078
-0.4453125 -3.59994470455028
-0.44140625 -3.60764741672626
-0.4375 -3.6158756146687
-0.43359375 -3.62463529307988
-0.4296875 -3.63393289437907
-0.42578125 -3.64377532132875
-0.421875 -3.65416995068621
-0.41796875 -3.66512464793268
-0.4140625 -3.67664778313615
-0.41015625 -3.68874824800948
-0.40625 -3.7014354742308
-0.40234375 -3.71471945309939
-0.3984375 -3.72861075660575
-0.39453125 -3.74312056000296
-0.390625 -3.75826066597221
-0.38671875 -3.77404353048516
-0.3828125 -3.79048229047347
-0.37890625 -3.80759079342601
-0.375 -3.825383629045
-0.37109375 -3.84387616310341
-0.3671875 -3.8630845736585
-0.36328125 -3.88302588979102
-0.359375 -3.90371803305319
-0.35546875 -3.92517986182694
-0.3515625 -3.94743121881036
-0.34765625 -3.97049298187157
-0.34375 -3.99438711853107
-0.33984375 -4.01913674435714
-0.3359375 -4.04476618558685
-0.33203125 -4.0713010463142
-0.328125 -4.09876828061988
-0.32421875 -4.12719627005364
-0.3203125 -4.15661490692054
-0.31640625 -4.18705568386728
-0.3125 -4.21855179031439
-0.30859375 -4.25113821633602
-0.3046875 -4.28485186465067
-0.30078125 -4.31973167145547
-0.296875 -4.3558187369138
-0.29296875 -4.39315646619305
-0.2890625 -4.43179072204594
-0.28515625 -4.47176999003822
-0.28125 -4.51314555764807
-0.27734375 -4.55597170860098
-0.2734375 -4.60030593396001
-0.26953125 -4.64620916166707
-0.265625 -4.69374600643139
-0.26171875 -4.74298504208722
-0.2578125 -4.79399909880084
-0.25390625 -4.84686558779888
-0.25 -4.9016668566258
-0.24609375 -4.95849057831878
-0.2421875 -5.01743017832664
-0.23828125 -5.07858530350106
-0.234375 -5.14206233806551
-0.23046875 -5.20797497213301
-0.2265625 -5.27644482911129
-0.22265625 -5.34760215922556
-0.21875 -5.42158660741961
-0.21484375 -5.49854806510023
-0.2109375 -5.57864761659013
-0.20703125 -5.6620585927959
-0.203125 -5.74896774652131
-0.19921875 -5.83957656612006
-0.1953125 -5.9341027468531
-0.19140625 -6.03278184247739
-0.1875 -6.1358691233476
-0.18359375 -6.24364167178616
-0.1796875 -6.35640075082504
-0.17578125 -6.47447448884161
-0.171875 -6.59822093034322
-0.16796875 -6.72803151250262
-0.1640625 -6.86433503840198
-0.16015625 -7.00760223178661
-0.15625 -7.15835097509087
-0.15234375 -7.31715235337308
-0.1484375 -7.48463765261365
-0.14453125 -7.66150649293109
-0.140625 -7.84853631739103
-0.13671875 -8.0465935075258
-0.1328125 -8.25664646047365
-0.12890625 -8.4797810438364
-0.125 -8.71721894838053
-0.12109375 -8.97033959293031
-0.1171875 -9.24070641029719
-0.11328125 -9.53009857173438
-0.109375 -9.84054950954639
-0.10546875 -10.1743940003362
-0.1015625 -10.5343261136752
-0.09765625 -10.9234710685132
-0.09375 -11.3454750537493
-0.08984375 -11.8046184803165
-0.0859375 -12.3059601202596
-0.08203125 -12.8555224284677
-0.078125 -13.4605324609906
-0.07421875 -14.129738872887
-0.0703125 -14.8738345820877
-0.06640625 -15.7060286088094
-0.0625 -16.642832354816
-0.05859375 -17.7051603944589
-0.0546875 -18.9199030333809
-0.05078125 -20.3222246636217
-0.046875 -21.9590112963622
-0.04296875 -23.8941985671601
-0.0390625 -26.2172965444211
-0.03515625 -29.0575977436198
-0.03125 -32.6090411522962
-0.02734375 -37.1763882766
-0.0234375 -43.2675752345203
-0.01953125 -51.7968873611522
-0.015625 -64.5928957220603
-0.01171875 -85.9222666536298
-0.0078125 -128.584999924833
-0.00390625 -256.581095870345
0 Infinity
0.00390625 255.426631259248
0.0078125 127.430455023971
0.01171875 84.7675841857514
0.015625 63.438019782155
0.01953125 50.6417622856972
0.0234375 42.1121454038409
0.02734375 36.020598050506
0.03125 31.4528348390204
0.03515625 27.9009195798298
0.0390625 25.0600906796361
0.04296875 22.7364090501452
0.046875 20.8005820624815
0.05078125 19.1630995226819
0.0546875 17.760025657726
0.05859375 16.5444743071859
0.0625 15.4812809180362
0.06640625 14.5435550119101
0.0703125 13.7103818299608
0.07421875 12.9652497741057
0.078125 12.294949615917
0.08203125 11.6887882172778
0.0859375 11.1380166908766
0.08984375 10.6354077362427
0.09375 10.1749386417863
0.09765625 9.75155036636606
0.1015625 9.36096221742979
0.10546875 8.99952771180432
0.109375 8.66412132347061
0.11328125 8.35204866284514
0.1171875 8.06097462021603
0.12109375 7.78886541691096
0.125 7.53394152188078
0.12890625 7.29463912891347
0.1328125 7.0695784319952
0.13671875 6.85753733918925
0.140625 6.65742956754252
0.14453125 6.46828629017709
0.1484375 6.28924068121608
0.15234375 6.11951483841994
0.15625 5.95840866743369
0.16015625 5.80529039273541
0.1640625 5.65958842416972
0.16796875 5.52078435838852
0.171875 5.38840693464625
0.17578125 5.26202679649398
0.1796875 5.14125193673552
0.18359375 5.02572372388323
0.1875 4.91511342531079
0.19140625 4.80911915614708
0.1953125 4.70746319430631
0.19921875 4.60988961140095
0.203125 4.51616217701468
0.20703125 4.42606250023068
0.2109375 4.33938837766031
0.21484375 4.25595232169
0.21875 4.17558024641921
0.22265625 4.09811029192352
0.2265625 4.02339177014862
0.23046875 3.95128421800424
0.234375 3.88165654515144
0.23828125 3.81438626561642
0.2421875 3.74935880376702
0.24609375 3.68646686638875
0.25 3.62560987363124
0.25390625 3.56669344248468
0.2578125 3.5096289172152
0.26171875 3.45433294185275
0.265625 3.40072707040258
0.26953125 3.34873741095341
0.2734375 3.29829430029221
0.27734375 3.24933200601827
0.28125 3.20178845348268
0.28515625 3.15560497517284
0.2890625 3.11072608041863
0.29296875 3.06709924352373
0.296875 3.02467470862484
0.30078125 2.98340530975803
0.3046875 2.94324630476761
0.30859375 2.90415522183079
0.3125 2.86609171749436
0.31640625 2.8290174452283
0.3203125 2.79289593359865
0.32421875 2.75769247324837
0.328125 2.72337401195216
0.33203125 2.68990905708012
0.3359375 2.65726758486745
0.33984375 2.62542095594241
0.34375 2.5943418366147
0.34765625 2.56400412547122
0.3515625 2.53438288486635
0.35546875 2.50545427693038
0.359375 2.47719550375189
0.36328125 2.44958475142053
0.3671875 2.42260113764215
0.37109375 2.3962246626632
0.375 2.37043616326337
0.37890625 2.34521726959446
0.3828125 2.32055036466285
0.38671875 2.29641854626799
0.390625 2.27280559122539
0.39453125 2.24969592171573
0.3984375 2.22707457361389
0.40234375 2.20492716666366
0.40625 2.1832398763737
0.41015625 2.16199940752001
0.4140625 2.14119296914894
0.41796875 2.12080825098231
0.421875 2.10083340113401
0.42578125 2.08125700505372
0.4296875 2.06206806561962
0.43359375 2.04325598430768
0.4375 2.02481054337032
0.44140625 2.00672188896167
0.4453125 1.98898051515153
0.44921875 1.97157724877373
0.453125 1.95450323505878
0.45703125 1.9377499240036
0.4609375 1.9213090574348
0.46484375 1.90517265672454
0.46875 1.88933301112117
0.47265625 1.87378266665863
0.4765625 1.85851441561193
0.48046875 1.8435212864672
0.484375 1.82879653437741
0.48828125 1.81433363207663
0.4921875 1.80012626122723
0.49609375 1.78616830417619
0.5 1.77245383609822
0.50390625 1.75897711750453
0.5078125 1.74573258709766
0.51171875 1.73271485495401
0.515625 1.7199186960163
0.51953125 1.70733904388007
0.5234375 1.69497098485862
0.52734375 1.68280975231193
0.53125 1.67085072122612
0.53515625 1.65908940303054
0.5390625 1.64752144064035
0.54296875 1.63614260371354
0.546875 1.62494878411119
0.55078125 1.6139359915514
0.5546875 1.60310034944686
0.55859375 1.59243809091743
0.5625 1.58194555496902
0.56640625 1.57161918283078
0.5703125 1.56145551444307
0.57421875 1.55145118508895
0.578125 1.54160292216235
0.58203125 1.53190754206673
0.5859375 1.52236194723786
0.58984375 1.51296312328504
0.59375 1.50370813624555
0.59765625 1.49459412994665
0.6015625 1.48561832347082
0.60546875 1.47677800871905
0.609375 1.46807054806813
0.61328125 1.45949337211764
0.6171875 1.45104397752257
0.62109375 1.44271992490796
0.625 1.43451883686183
0.62890625 1.42643839600305
0.6328125 1.41847634312103
0.63671875 1.41063047538381
0.640625 1.40289864461206
0.64453125 1.3952787556158
0.6484375 1.38776876459155
0.65234375 1.38036667757698
0.65625 1.37307054896104
0.66015625 1.3658784800471
0.6640625 1.35878861766676
0.66796875 1.35179915284266
0.671875 1.34490831949778
0.67578125 1.33811439320988
0.6796875 1.3314156900088
0.68359375 1.3248105652152
0.6875 1.31829741231897
0.69140625 1.31187466189573
0.6953125 1.30554078056006
0.69921875 1.29929426995376
0.703125 1.29313366576807
0.70703125 1.28705753679829
0.7109375 1.28106448402976
0.71484375 1.27515313975382
0.71875 1.26932216671272
0.72265625 1.26357025727234
0.7265625 1.25789613262169
0.73046875 1.25229854199821
0.734375 1.24677626193778
0.73828125 1.24132809554872
0.7421875 1.23595287180877
0.74609375 1.23064944488421
0.75 1.22541669347033
0.75390625 1.22025352015251
0.7578125 1.21515885078716
0.76171875 1.21013163390164
0.765625 1.20517084011282
0.76953125 1.20027546156329
0.7734375 1.19544451137469
0.77734375 1.19067702311776
0.78125 1.18597205029816
0.78515625 1.18132866585785
0.7890625 1.17674596169121
0.79296875 1.17222304817572
0.796875 1.16775905371625
0.80078125 1.16335312430299
0.8046875 1.15900442308214
0.80859375 1.1547121299392
0.8125 1.15047544109433
0.81640625 1.14629356870932
0.8203125 1.1421657405059
0.82421875 1.13809119939499
0.828125 1.13406920311636
0.83203125 1.13009902388871
0.8359375 1.12617994806935
0.83984375 1.12231127582369
0.84375 1.11849232080377
0.84765625 1.11472240983583
0.8515625 1.11100088261645
0.85546875 1.10732709141718
0.859375 1.10370040079711
0.86328125 1.10012018732348
0.8671875 1.0965858392997
0.87109375 1.09309675650088
0.875 1.0896523499164
0.87890625 1.08625204149944
0.8828125 1.08289526392316
0.88671875 1.07958146034339
0.890625 1.07631008416762
0.89453125 1.07308059883005
0.8984375 1.0698924775726
0.90234375 1.0667452032316
0.90625 1.06363826803
0.91015625 1.06057117337511
0.9140625 1.05754342966145
0.91796875 1.05455455607863
0.921875 1.05160408042435
0.92578125 1.0486915389219
0.9296875 1.04581647604255
0.93359375 1.04297844433225
0.9375 1.04017700424284
0.94140625 1.03741172396734
0.9453125 1.03468217927954
0.94921875 1.03198795337743
0.953125 1.0293286367306
0.95703125 1.02670382693136
0.9609375 1.02411312854962
0.96484375 1.02155615299114
0.96875 1.01903251835948
0.97265625 1.01654184932111
0.9765625 1.01408377697391
0.98046875 1.01165793871874
0.984375 1.00926397813425
0.98828125 1.0069015448545
0.9921875 1.00457029444968
0.99609375 1.00226988830952
1 0.999999989064903
1.00390625 0.997760278356438
1.0078125 0.995550429874774
1.01171875 0.993370127176774
1.015625 0.991219059096171
1.01953125 0.989096919642523
1.0234375 0.98700340790252
1.02734375 0.984938227943523
1.03125 0.982901088719387
1.03515625 0.98089170397839
1.0390625 0.978909792173285
1.04296875 0.976955076373427
1.046875 0.975027284178821
1.05078125 0.97312614763619
1.0546875 0.97125140315689
1.05859375 0.969402791436677
1.0625 0.967580057377265
1.06640625 0.965782950009652
1.0703125 0.964011222419121
1.07421875 0.96226463167191
1.078125 0.960542938743516
1.08203125 0.958845908448566
1.0859375 0.957173309372212
1.08984375 0.955524913803052
1.09375 0.953900497667461
1.09765625 0.952299840465436
1.1015625 0.950722725207713
1.10546875 0.949168938354362
1.109375 0.947638269754598
1.11328125 0.946130512587926
1.1171875 0.944645463306566
1.12109375 0.943182921579061
1.125 0.941742690235098
1.12890625 0.940324575211502
1.1328125 0.938928385499363
1.13671875 0.937553933092281
1.140625 0.936201032935666
1.14453125 0.934869502877158
1.1484375 0.933559163618011
1.15234375 0.932269838665538
1.15625 0.931001354286515
1.16015625 0.92975353946153
1.1640625 0.928526225840345
1.16796875 0.927319247698072
1.171875 0.926132441892324
1.17578125 0.924965647821208
1.1796875 0.923818707382164
1.18359375 0.922691464931688
1.1875 0.921583767245773
1.19140625 0.920495463481277
1.1953125 0.919426405137951
1.19921875 0.918376446021283
1.203125 0.917345442206107
1.20703125 0.916333252000883
1.2109375 0.915339735912721
1.21484375 0.914364756613086
1.21875 0.913408178904201
1.22265625 0.912469869686096
1.2265625 0.911549697924297
1.23046875 0.910647534618164
1.234375 0.909763252769869
1.23828125 0.908896727353911
1.2421875 0.908047835287325
1.24609375 0.907216455400357
1.25 0.906402468407809
1.25390625 0.905605756880875
1.2578125 0.904826205219544
1.26171875 0.904063699625525
1.265625 0.903318128075684
1.26953125 0.902589380296036
1.2734375 0.901877347736151
1.27734375 0.901181923544128
1.28125 0.900503002542003
1.28515625 0.89984048120163
1.2890625 0.89919425762101
1.29296875 0.898564231501093
1.296875 0.897950304123
1.30078125 0.897352378325657
1.3046875 0.89677035848388
1.30859375 0.896204150486846
1.3125 0.895653661716989
1.31640625 0.895118801029268
1.3203125 0.894599478730817
1.32421875 0.894095606560995
1.328125 0.893607097671803
1.33203125 0.893133866608633
1.3359375 0.89267582929141
1.33984375 0.892232902996052
1.34375 0.891805006336303
1.34765625 0.891392059245853
1.3515625 0.890993982960827
1.35546875 0.890610700002596
1.359375 0.890242134160835
1.36328125 0.889888210476988
1.3671875 0.889548855227976
1.37109375 0.889223995910173
1.375 0.888913561223765
1.37890625 0.888617481057277
1.3828125 0.888335686472498
1.38671875 0.888068109689573
1.390625 0.887814684072418
1.39453125 0.887575344114407
1.3984375 0.887350025424286
1.40234375 0.887138664712333
1.40625 0.886941199776816
1.41015625 0.88675756949063
1.4140625 0.886587713788234
1.41796875 0.886431573652763
1.421875 0.886289091103411
1.42578125 0.886160209183031
1.4296875 0.886044871945929
1.43359375 0.885943024445906
1.4375 0.885854612724515
1.44140625 0.885779583799488
1.4453125 0.885717885653414
1.44921875 0.885669467222573
1.453125 0.88563427838601
1.45703125 0.885612269954772
1.4609375 0.885603393661353
1.46484375 0.8856076021493
1.46875 0.885624848963048
1.47265625 0.885655088537867
1.4765625 0.885698276190062
1.48046875 0.885754368107289
1.484375 0.885823321339059
1.48828125 0.885905093787418
1.4921875 0.885999644197776
1.49609375 0.886106932149907
1.5 0.886226918049109
1.50390625 0.886359563117517
1.5078125 0.886504829385533
1.51171875 0.886662679683497
1.515625 0.886833077633404
1.51953125 0.887015987640818
1.5234375 0.887211374886934
1.52734375 0.887419205320743
1.53125 0.887639445651378
1.53515625 0.887872063340563
1.5390625 0.888117026595191
1.54296875 0.888374304360087
1.546875 0.888643866310808
1.55078125 0.88892568284667
1.5546875 0.889219725083803
1.55859375 0.889525964848409
1.5625 0.889844374670072
1.56640625 0.890174927775246
1.5703125 0.890517598080812
1.57421875 0.890872360187793
1.578125 0.891239189375109
1.58203125 0.891618061593529
1.5859375 0.892008953459681
1.58984375 0.892411842250161
1.59375 0.892826705895794
1.59765625 0.89325352297593
1.6015625 0.893692272712916
1.60546875 0.894142934966611
1.609375 0.894605490229015
1.61328125 0.895079919619023
1.6171875 0.895566204877211
1.62109375 0.896064328360804
1.625 0.896574273038643
1.62890625 0.897096022486295
1.6328125 0.897629560881278
1.63671875 0.898174872998286
1.640625 0.898731944204598
1.64453125 0.899300760455496
1.6484375 0.899881308289831
1.65234375 0.900473574825605
1.65625 0.901077547755684
1.66015625 0.90169321534359
1.6640625 0.902320566419335
1.66796875 0.90295959037537
1.671875 0.90361027716257
1.67578125 0.904272617286365
1.6796875 0.90494660180286
1.68359375 0.905632222315081
1.6875 0.906329470969289
1.69140625 0.907038340451346
1.6953125 0.907758823983168
1.69921875 0.908490915319231
1.703125 0.909234608743173
1.70703125 0.909989899064416
1.7109375 0.910756781614909
1.71484375 0.911535252245896
1.71875 0.912325307324766
1.72265625 0.913126943731962
1.7265625 0.913940158857949
1.73046875 0.914764950600256
1.734375 0.915601317360559
1.73828125 0.916449258041829
1.7421875 0.917308772045573
1.74609375 0.918179859269078
1.75 0.919062520102744
1.75390625 0.91995675542748
1.7578125 0.920862566612141
1.76171875 0.921779955511016
1.765625 0.922708924461381
1.76953125 0.923649476281122
1.7734375 0.924601614266365
1.77734375 0.925565342189198
1.78125 0.926540664295439
1.78515625 0.927527585302451
1.7890625 0.928526110396972
1.79296875 0.929536245233091
1.796875 0.930557995930141
1.80078125 0.931591369070754
1.8046875 0.932636371698908
1.80859375 0.933693011318026
1.8125 0.934761295889145
1.81640625 0.935841233829096
1.8203125 0.936932834008748
1.82421875 0.938036105751337
1.828125 0.939151058830738
1.83203125 0.940277703469901
1.8359375 0.941416050339219
1.83984375 0.94256611055505
1.84375 0.943727895678182
1.84765625 0.944901417712404
1.8515625 0.946086689103073
1.85546875 0.94728372273579
1.859375 0.948492531935019
1.86328125 0.949713130462844
1.8671875 0.950945532517709
1.87109375 0.952189752733188
1.875 0.953445806176854
1.87890625 0.954713708349116
1.8828125 0.955993475182162
1.88671875 0.957285123038861
1.890625 0.958588668711784
1.89453125 0.959904129422194
1.8984375 0.961231522819137
1.90234375 0.96257086697851
1.90625 0.963922180402188
1.91015625 0.965285482017192
1.9140625 0.966660791174917
1.91796875 0.968048127650309
1.921875 0.969447511641196
1.92578125 0.970858963767536
1.9296875 0.972282505070806
1.93359375 0.97371815701331
1.9375 0.975165941477659
1.94140625 0.976625880766126
1.9453125 0.978097997600192
1.94921875 0.979582315119981
1.953125 0.981078856883855
1.95703125 0.982587646867907
1.9609375 0.984108709465648
1.96484375 0.985642069487543
1.96875 0.987187752160745
1.97265625 0.988745783128739
1.9765625 0.990316188451081
1.98046875 0.99189899460314
1.984375 0.993494228475903
1.98828125 0.995101917375741
1.9921875 0.996722089024292
1.99609375 0.998354771558315
2 0.999999989064903
2.00390625 1.00165777944377
2.0078125 1.00332816760817
2.01171875 1.00501118335463
2.015625 1.00670685689455
2.01953125 1.00841521885429
2.0234375 1.01013630027524
2.02734375 1.01187013261385
2.03125 1.01361674774187
2.03515625 1.01537617794638
2.0390625 1.01714845593005
2.04296875 1.01893361481135
2.046875 1.0207316881247
2.05078125 1.02254270982084
2.0546875 1.02436671426703
2.05859375 1.02620373624742
2.0625 1.02805381096334
2.06640625 1.02991697403373
2.0703125 1.03179326149547
2.07421875 1.03368270980381
2.078125 1.03558535583285
2.08203125 1.03750123687599
2.0859375 1.03943039064639
2.08984375 1.04137285527754
2.09375 1.04332866932379
2.09765625 1.04529787176089
2.1015625 1.04728050198662
2.10546875 1.04927659982142
2.109375 1.05128620550901
2.11328125 1.05330935971703
2.1171875 1.0553461035378
2.12109375 1.05739647848903
2.125 1.05946052651448
2.12890625 1.06153828998486
2.1328125 1.0636298116985
2.13671875 1.06573513488224
2.140625 1.06785430319224
2.14453125 1.06998736071487
2.1484375 1.07213435196756
2.15234375 1.07429532189974
2.15625 1.07647031589378
2.16015625 1.07865937976592
2.1640625 1.08086255976728
2.16796875 1.08307990258486
2.171875 1.08531145534257
2.17578125 1.08755726560228
2.1796875 1.0898173813649
2.18359375 1.09209185107149
2.1875 1.09438072360436
2.19140625 1.09668404828824
2.1953125 1.09900187489146
2.19921875 1.10133425362709
2.203125 1.10368123515422
2.20703125 1.10604287057919
2.2109375 1.10841921145681
2.21484375 1.11081030979168
2.21875 1.1132162180395
2.22265625 1.11563698910839
2.2265625 1.11807267636027
2.23046875 1.12052333361219
2.234375 1.12298901513781
2.23828125 1.12546977566871
2.2421875 1.12796567039597
2.24609375 1.13047675497154
2.25 1.13300308550976
2.25390625 1.13554471858891
2.2578125 1.13810171125271
2.26171875 1.14067412101189
2.265625 1.14326200584579
2.26953125 1.14586542420395
2.2734375 1.14848443500775
2.27734375 1.15111909765207
2.28125 1.15376947200694
2.28515625 1.15643561841928
2.2890625 1.15911759771458
2.29296875 1.16181547119868
2.296875 1.16452930065952
2.30078125 1.16725914836892
2.3046875 1.17000507708444
2.30859375 1.17276715005115
2.3125 1.17554543100355
2.31640625 1.17833998416743
2.3203125 1.18115087426178
2.32421875 1.18397816650069
2.328125 1.18682192659536
2.33203125 1.18968222075603
2.3359375 1.19255911569399
2.33984375 1.19545267862362
2.34375 1.19836297726441
2.34765625 1.20129007984304
2.3515625 1.20423405509549
2.35546875 1.20719497226914
2.359375 1.21017290112488
2.36328125 1.21316791193933
2.3671875 1.216180075507
2.37109375 1.21920946314246
2.375 1.22225614668268
2.37890625 1.22532019848914
2.3828125 1.22840169145025
2.38671875 1.23150069898359
2.390625 1.23461729503821
2.39453125 1.23775155409704
2.3984375 1.24090355117928
2.40234375 1.24407336184269
2.40625 1.24726106218615
2.41015625 1.25046672885202
2.4140625 1.25369043902867
2.41796875 1.25693227045294
2.421875 1.26019230141266
2.42578125 1.26347061074924
2.4296875 1.2667672778602
2.43359375 1.27008238270175
2.4375 1.27341600579149
2.44140625 1.27676822821098
2.4453125 1.28013913160845
2.44921875 1.28352879820146
2.453125 1.28693731077967
2.45703125 1.29036475270754
2.4609375 1.29381120792713
2.46484375 1.29727676096089
2.46875 1.30076149691448
2.47265625 1.30426550147959
2.4765625 1.30778886093689
2.48046875 1.31133166215884
2.484375 1.31489399261267
2.48828125 1.31847594036331
2.4921875 1.32207759407637
2.49609375 1.32569904302115
2.5 1.32934037707366
2.50390625 1.3330016867197
2.5078125 1.33668306305787
2.51171875 1.34038459780279
2.515625 1.34410638328813
2.51953125 1.34784851246984
2.5234375 1.35161107892931
2.52734375 1.3553941768766
2.53125 1.35919790115367
2.53515625 1.36302234723766
2.5390625 1.36686761124416
2.54296875 1.3707337899306
2.546875 1.37462098069953
2.55078125 1.37852928160206
2.5546875 1.38245879134123
2.55859375 1.38640960927545
2.5625 1.39038183542199
2.56640625 1.39437557046044
2.5703125 1.39839091573628
2.57421875 1.40242797326438
2.578125 1.40648684573259
2.58203125 1.41056763650539
2.5859375 1.41467044962746
2.58984375 1.4187953898274
2.59375 1.42294256252142
2.59765625 1.42711207381701
2.6015625 1.43130403051678
2.60546875 1.43551854012218
2.609375 1.43975571083732
2.61328125 1.44401565157288
2.6171875 1.44829847194986
2.62109375 1.45260428230365
2.625 1.45693319368779
2.62890625 1.46128531787807
2.6328125 1.46566076737646
2.63671875 1.47005965541516
2.640625 1.47448209596067
2.64453125 1.47892820371783
2.6484375 1.48339809413402
2.65234375 1.48789188340325
2.65625 1.49240968847035
2.66015625 1.49695162703526
2.6640625 1.50151781755717
2.66796875 1.50610837925892
2.671875 1.51072343213117
2.67578125 1.51536309693692
2.6796875 1.52002749521574
2.68359375 1.52471674928828
2.6875 1.52943098226067
2.69140625 1.53417031802903
2.6953125 1.53893488128396
2.69921875 1.5437247975151
2.703125 1.54854019301572
2.70703125 1.5533811948873
2.7109375 1.55824793104426
2.71484375 1.56314053021855
2.71875 1.56805912196444
2.72265625 1.57300383666326
2.7265625 1.57797480552818
2.73046875 1.58297216060904
2.734375 1.58799603479722
2.73828125 1.59304656183052
2.7421875 1.59812387629815
2.74609375 1.60322811364562
2.75 1.6083594101798
2.75390625 1.61351790307398
2.7578125 1.6187037303729
2.76171875 1.62391703099792
2.765625 1.62915794475213
2.76953125 1.63442661232558
2.7734375 1.63972317530051
2.77734375 1.64504777615658
2.78125 1.65040055827625
2.78515625 1.65578166595008
2.7890625 1.66119124438208
2.79296875 1.66662943969527
2.796875 1.67209639893697
2.80078125 1.67759227008444
2.8046875 1.68311720205037
2.80859375 1.68867134468846
2.8125 1.69425484879907
2.81640625 1.69986786613488
2.8203125 1.70551054940655
2.82421875 1.71118305228857
2.828125 1.71688552942494
2.83203125 1.72261813643509
2.8359375 1.72838102991966
2.83984375 1.73417436746652
2.84375 1.73999830765665
2.84765625 1.74585301007018
2.8515625 1.75173863529241
2.85546875 1.75765534491992
2.859375 1.76360330156668
2.86328125 1.76958266887022
2.8671875 1.77559361149791
2.87109375 1.78163629515311
2.875 1.7877108865816
2.87890625 1.79381755357783
2.8828125 1.79995646499141
2.88671875 1.80612779073348
2.890625 1.81233170178322
2.89453125 1.81856837019439
2.8984375 1.82483796910195
2.90234375 1.83114067272865
2.90625 1.83747665639167
2.91015625 1.8438460965094
2.9140625 1.85024917060824
2.91796875 1.8566860573293
2.921875 1.86315693643542
2.92578125 1.86966198881795
2.9296875 1.87620139650382
2.93359375 1.88277534266245
2.9375 1.88938401161296
2.94140625 1.89602758883111
2.9453125 1.90270626095662
2.94921875 1.90942021580028
2.953125 1.91616964235128
2.95703125 1.92295473078446
2.9609375 1.92977567246779
2.96484375 1.93663265996967
2.96875 1.94352588706647
2.97265625 1.95045554875005
2.9765625 1.95742184123534
2.98046875 1.96442496196794
2.984375 1.97146510963187
2.98828125 1.97854248415723
2.9921875 1.98565728672808
2.99609375 1.99280971979023
3 1.99999997812981
3.00390625 2.00722828458849
3.0078125 2.01449483652578
3.01171875 2.02179984151419
3.015625 2.02914350842808
3.01953125 2.03652604745183
3.0234375 2.04394767008817
3.02734375 2.05140858916637
3.03125 2.05890901885067
3.03515625 2.06644917464869
3.0390625 2.07402927341988
3.04296875 2.08164953338412
3.046875 2.08931017413025
3.05078125 2.09701141662477
3.0546875 2.10475348322054
3.05859375 2.11253659766559
3.0625 2.1203609851119
3.06640625 2.12822687212439
3.0703125 2.13613448668983
3.07421875 2.14408405822587
3.078125 2.15207581759015
3.08203125 2.16010999708946
3.0859375 2.16818683048895
3.08984375 2.17630655302143
3.09375 2.18446940139668
3.09765625 2.19267561381093
3.1015625 2.20092542995626
3.10546875 2.20921909103026
3.109375 2.21755683974556
3.11328125 2.2259389203395
3.1171875 2.23436557858395
3.12109375 2.24283706179508
3.125 2.25135361884328
3.12890625 2.25991550016308
3.1328125 2.2685229577632
3.13671875 2.27717624523666
3.140625 2.2858756177709
3.14453125 2.29462133215807
3.1484375 2.3034136468053
3.15234375 2.31225282174515
3.15625 2.32113911864597
3.16015625 2.33007280082247
3.1640625 2.33905413324637
3.16796875 2.34808338255702
3.171875 2.35716081707214
3.17578125 2.36628670679871
3.1796875 2.3754613234438
3.18359375 2.38468494042564
3.1875 2.39395783288453
3.19140625 2.40328027769415
3.1953125 2.41265255347265
3.19921875 2.42207494059394
3.203125 2.43154772119915
3.20703125 2.44107117920798
3.2109375 2.45064560033029
3.21484375 2.46027127207766
3.21875 2.46994848377513
3.22265625 2.47967752657295
3.2265625 2.48945869345842
3.23046875 2.49929227926782
3.234375 2.50917858069854
3.23828125 2.51911789632098
3.2421875 2.52911052659097
3.24609375 2.53915677386185
3.25 2.54925694239696
3.25390625 2.55941133838203
3.2578125 2.56962026993776
3.26171875 2.57988404713237
3.265625 2.59020298199436
3.26953125 2.60057738852538
3.2734375 2.61100758271294
3.27734375 2.62149388254358
3.28125 2.63203660801583
3.28515625 2.64263608115344
3.2890625 2.65329262601854
3.29296875 2.6640065687251
3.296875 2.67477823745232
3.30078125 2.68560796245818
3.3046875 2.69649607609304
3.30859375 2.70744291281339
3.3125 2.7184488091957
3.31640625 2.72951410395035
3.3203125 2.74063913793554
3.32421875 2.75182425417153
3.328125 2.76306979785483
3.33203125 2.77437611637246
3.3359375 2.78574355931644
3.33984375 2.79717247849823
3.34375 2.80866322796345
3.34765625 2.82021616400652
3.3515625 2.8318316451855
3.35546875 2.84351003233708
3.359375 2.85525168859153
3.36328125 2.86705697938787
3.3671875 2.87892627248922
3.37109375 2.89085993799795
3.375 2.90285834837136
3.37890625 2.91492187843705
3.3828125 2.9270509054088
3.38671875 2.93924580890224
3.390625 2.95150697095071
3.39453125 2.96383477602144
3.3984375 2.97622961103154
3.40234375 2.98869186536427
3.40625 3.00122193088542
3.41015625 3.01382020195975
3.4140625 3.02648707546766
3.41796875 3.03922295082176
3.421875 3.05202822998379
3.42578125 3.06490331748156
3.4296875 3.07784862042594
3.43359375 3.09086454852808
3.4375 3.10395151411676
3.44140625 3.11710993215571
3.4453125 3.13034022026129
3.44921875 3.14364279871999
3.453125 3.15701809050638
3.45703125 3.17046652130094
3.4609375 3.18398851950818
3.46484375 3.19758451627469
3.46875 3.21125494550761
3.47265625 3.2250002438929
3.4765625 3.23882085091401
3.48046875 3.25271720887056
3.484375 3.26668976289709
3.48828125 3.28073896098213
3.4921875 3.2948652539872
3.49609375 3.30906909566607
3.5 3.32335094268416
3.50390625 3.33771125463801
3.5078125 3.35215049407482
3.51171875 3.36666912651247
3.515625 3.3812676204592
3.51953125 3.39594644743377
3.5234375 3.41070608198569
3.52734375 3.42554700171548
3.53125 3.44046968729523
3.53515625 3.45547462248923
3.5390625 3.47056229417463
3.54296875 3.48573319236259
3.546875 3.50098781021912
3.55078125 3.51632664408651
3.5546875 3.53175019350454
3.55859375 3.54725896123211
3.5625 3.56285345326884
3.56640625 3.578534178877
3.5703125 3.5943016506034
3.57421875 3.61015638430166
3.578125 3.62609889915434
3.58203125 3.64212971769555
3.5859375 3.65824936583352
3.58984375 3.67445837287332
3.59375 3.69075727153994
3.59765625 3.70714659800122
3.6015625 3.72362689189131
3.60546875 3.74019869633395
3.609375 3.75686255796613
3.61328125 3.77361902696193
3.6171875 3.79046865705629
3.62109375 3.80741200556933
3.625 3.82444963343046
3.62890625 3.84158210520289
3.6328125 3.85880998910834
3.63671875 3.8761338570517
3.640625 3.89355428464614
3.64453125 3.91107185123816
3.6484375 3.92868713993306
3.65234375 3.94640073762033
3.65625 3.96421323499937
3.66015625 3.98212522660551
3.6640625 4.00013731083591
3.66796875 4.01825008997594
3.671875 4.03646417022548
3.67578125 4.05478016172574
3.6796875 4.07319867858593
3.68359375 4.09172033891035
3.6875 4.11034576482556
3.69140625 4.12907558250783
3.6953125 4.14791042221068
3.69921875 4.16685091829271
3.703125 4.18589770924561
3.70703125 4.20505143772227
3.7109375 4.22431275056529
3.71484375 4.24368229883551
3.71875 4.26316073784082
3.72265625 4.28274872716521
3.7265625 4.30244693069792
3.73046875 4.32225601666296
3.734375 4.34217665764865
3.73828125 4.36220953063749
3.7421875 4.38235531703633
3.74609375 4.40261470270652
3.75 4.42298837799446
3.75390625 4.44347703776233
3.7578125 4.46408138141903
3.76171875 4.4848021129513
3.765625 4.5056399409551
3.76953125 4.52659557866733
3.7734375 4.5476697439975
3.77734375 4.56886315955988
3.78125 4.59017655270582
3.78515625 4.61161065555627
3.7890625 4.6331662050344
3.79296875 4.65484394289889
3.796875 4.67664461577684
3.80078125 4.69856897519745
3.8046875 4.72061777762566
3.80859375 4.74279178449611
3.8125 4.7650917622474
3.81640625 4.78751848235644
3.8203125 4.81007272137316
3.82421875 4.83275526095562
3.828125 4.85556688790492
3.83203125 4.87850839420094
3.8359375 4.90158057703779
3.83984375 4.92478423885999
3.84375 4.94812018739859
3.84765625 4.97158923570767
3.8515625 4.99519220220101
3.85546875 5.01892991068931
3.859375 5.04280319041722
3.86328125 5.06681287610106
3.8671875 5.09095980796666
3.87109375 5.11524483178726
3.875 5.1396687989221
3.87890625 5.16423256635493
3.8828125 5.18893699673306
3.88671875 5.2137829584064
3.890625 5.23877132546711
3.89453125 5.26390297778923
3.8984375 5.28917880106895
3.90234375 5.31459968686479
3.90625 5.34016653263829
3.91015625 5.36588024179494
3.9140625 5.39174172372557
3.91796875 5.41775189384762
3.921875 5.44391167364726
3.92578125 5.47022199072127
3.9296875 5.49668377881979
3.93359375 5.52329797788869
3.9375 5.55006553411308
3.94140625 5.57698739996026
3.9453125 5.60406453422381
3.94921875 5.63129790206722
3.953125 5.65868847506862
3.95703125 5.68623723126498
3.9609375 5.71394515519761
3.96484375 5.74181323795694
3.96875 5.76984247722857
3.97265625 5.79803387733902
3.9765625 5.82638844930206
3.98046875 5.85490721086538
3.984375 5.88359118655761
3.98828125 5.91244140773549
3.9921875 5.94145891263168
3.99609375 5.97064474640276
4 5.99999993438942
4.00390625 6.02952558925214
4.0078125 6.0592227504877
4.01171875 6.08909249143532
4.015625 6.11913589260342
4.01953125 6.14935404171979
4.0234375 6.17974803378221
4.02734375 6.21031897110912
4.03125 6.24106796339109
4.03515625 6.2719961277423
4.0390625 6.30310458875259
4.04296875 6.33439447853996
4.046875 6.36586693680312
4.05078125 6.39752311087479
4.0546875 6.42936415577525
4.05859375 6.46139123426622
4.0625 6.49360551690518
4.06640625 6.52600818210018
4.0703125 6.55860041616487
4.07421875 6.59138341337406
4.078125 6.62435837601967
4.08203125 6.65752651446712
4.0859375 6.69088904721198
4.08984375 6.72444720093731
4.09375 6.75820221057097
4.09765625 6.792155319344
4.1015625 6.82630777884871
4.10546875 6.86066084909789
4.109375 6.89521579858385
4.11328125 6.92997390433821
4.1171875 6.96493645199214
4.12109375 7.00010473583699
4.125 7.03548005888525
4.12890625 7.07106373293214
4.1328125 7.10685707861753
4.13671875 7.14286142548844
4.140625 7.17907811206173
4.14453125 7.21550848588767
4.1484375 7.25215390361358
4.15234375 7.28901573104817
4.15625 7.32609534322634
4.16015625 7.36339412447412
4.1640625 7.40091346847485
4.16796875 7.43865477833492
4.171875 7.47661946665069
4.17578125 7.51480895557559
4.1796875 7.5532246768877
4.18359375 7.59186807205818
4.1875 7.63074059231943
4.19140625 7.66984369873485
4.1953125 7.70917886226808
4.19921875 7.74874756385327
4.203125 7.78855129446602
4.20703125 7.82859155519434
4.2109375 7.86886985731054
4.21484375 7.90938772234343
4.21875 7.9501466821512
4.22265625 7.99114827899485
4.2265625 8.03239406561192
4.23046875 8.07388560529098
4.234375 8.11562447194684
4.23828125 8.15761225019568
4.2421875 8.19985053543167
4.24609375 8.24234093390313
4.25 8.28508506279013
4.25390625 8.32808455028216
4.2578125 8.37134103565659
4.26171875 8.41485616935753
4.265625 8.45863161307534
4.26953125 8.50266903982711
4.2734375 8.5469701340369
4.27734375 8.59153659161744
4.28125 8.63637012005196
4.28515625 8.68147243847673
4.2890625 8.7268452777641
4.29296875 8.77249038060647
4.296875 8.81840950160063
4.30078125 8.86460440733267
4.3046875 8.91107687646372
4.30859375 8.95782869981617
4.3125 9.00486168046077
4.31640625 9.05217763380408
4.3203125 9.0997783876766
4.32421875 9.14766578242177
4.328125 9.19584167098561
4.33203125 9.24430791900669
4.3359375 9.29306640490717
4.33984375 9.34211901998432
4.34375 9.3914676685028
4.34765625 9.44111426778745
4.3515625 9.49106074831701
4.35546875 9.54130905381857
4.359375 9.59186114136216
4.36328125 9.64271898145687
4.3671875 9.6938845581473
4.37109375 9.74535986911028
4.375 9.79714692575333
4.37890625 9.84924775331268
4.3828125 9.90166439095321
4.38671875 9.95439889186812
4.390625 10.0074533233798
4.39453125 10.0608297670415
4.3984375 10.11453031874
4.40234375 10.168557088798
4.40625 10.2229122020785
4.41015625 10.2775977980893
4.4140625 10.3326160310888
4.41796875 10.3879690701916
4.421875 10.4436590994758
4.42578125 10.4996883180911
4.4296875 10.5560589403671
4.43359375 10.6127731959226
4.4375 10.6698333297764
4.44140625 10.7272416024578
4.4453125 10.785000290119
4.44921875 10.8431116846475
4.453125 10.9015780937798
4.45703125 10.9604018412162
4.4609375 11.0195852667353
4.46484375 11.0791307263111
4.46875 11.1390405922295
4.47265625 11.1993172532062
4.4765625 11.2599631145058
4.48046875 11.3209805980612
4.484375 11.3823721425946
4.48828125 11.4441402037385
4.4921875 11.5062872541584
4.49609375 11.5688157836763
4.5 11.6317282993946
4.50390625 11.6950273258214
4.5078125 11.7587154049968
4.51171875 11.82279509662
4.515625 11.8872689781769
4.51953125 11.9521396450696
4.5234375 12.0174097107465
4.52734375 12.0830818068323
4.53125 12.1491585832613
4.53515625 12.2156427084092
4.5390625 12.2825368692274
4.54296875 12.3498437713784
4.546875 12.4175661393709
4.55078125 12.4857067166978
4.5546875 12.5542682659732
4.55859375 12.6232535690721
4.5625 12.6926654272703
4.56640625 12.7625066613855
4.5703125 12.8327801119199
4.57421875 12.9034886392032
4.578125 12.9746351235366
4.58203125 13.0462224653391
4.5859375 13.1182535852936
4.58984375 13.1907314244944
4.59375 13.2636589445967
4.59765625 13.3370391279653
4.6015625 13.4108749778273
4.60546875 13.4851695184228
4.609375 13.559925795159
4.61328125 13.6351468747648
4.6171875 13.7108358454458
4.62109375 13.7869958170421
4.625 13.8636299211854
4.62890625 13.9407413114589
4.6328125 14.0183331635576
4.63671875 14.0964086754497
4.640625 14.1749710675399
4.64453125 14.2540235828328
4.6484375 14.3335694870995
4.65234375 14.413612069043
4.65625 14.4941546404665
4.66015625 14.5752005364428
4.6640625 14.6567531154847
4.66796875 14.7388157597164
4.671875 14.8213918750467
4.67578125 14.9044848913434
4.6796875 14.9880982626092
4.68359375 15.072235467158
4.6875 15.1569000077943
4.69140625 15.2420954119918
4.6953125 15.3278252320754
4.69921875 15.4140930454031
4.703125 15.5009024545501
4.70703125 15.5882570874939
4.7109375 15.6761605978009
4.71484375 15.7646166648147
4.71875 15.8536289938456
4.72265625 15.9432013163611
4.7265625 16.033337390179
4.73046875 16.1240409996606
4.734375 16.2153159559067
4.73828125 16.3071660969534
4.7421875 16.3995952879719
4.74609375 16.492607421467
4.75 16.5862064174792
4.75390625 16.6803962237875
4.7578125 16.7751808161137
4.76171875 16.8705641983285
4.765625 16.966550402659
4.76953125 17.0631434898983
4.7734375 17.1603475496156
4.77734375 17.2581667003688
4.78125 17.3566050899189
4.78515625 17.4556668954454
4.7890625 17.5553563237632
4.79296875 17.6556776115423
4.796875 17.7566350255277
4.80078125 17.8582328627622
4.8046875 17.9604754508101
4.80859375 18.0633671479832
4.8125 18.1669123435682
4.81640625 18.2711154580556
4.8203125 18.3759809433709
4.82421875 18.4815132831076
4.828125 18.587716992761
4.83203125 18.6945966199653
4.8359375 18.8021567447309
4.83984375 18.9104019796851
4.84375 19.0193369703133
4.84765625 19.1289663952034
4.8515625 19.2392949662898
4.85546875 19.3503274291029
4.859375 19.4620685630164
4.86328125 19.5745231814998
4.8671875 19.6876961323711
4.87109375 19.8015922980515
4.875 19.9162165958231
4.87890625 20.0315739780877
4.8828125 20.1476694326276
4.88671875 20.2645079828686
4.890625 20.3820946881455
4.89453125 20.5004346439682
4.8984375 20.6195329822922
4.90234375 20.7393948717888
4.90625 20.8600255181183
4.91015625 20.981430164206
4.9140625 21.1036140905196
4.91796875 21.2265826153483
4.921875 21.3503410950853
4.92578125 21.4748949245112
4.9296875 21.6002495370809
4.93359375 21.7264104052106
4.9375 21.8533830405703
4.94140625 21.9811729943746
4.9453125 22.1097858576799
4.94921875 22.2392272616795
4.953125 22.3695028780057
4.95703125 22.500618419029
4.9609375 22.6325796381655
4.96484375 22.7653923301808
4.96875 22.8990623315009
4.97265625 23.0335955205226
4.9765625 23.1689978179277
4.98046875 23.3052751869993
4.984375 23.4424336339405
4.98828125 23.580479208195
4.9921875 23.7194180027718
4.99609375 23.8592561545704
5 23.9999997375577
