1 0 0.858407346410207 1 4
6 0.816496580927726 1.14159265358979 0.408248290463863 2
11 0.346713668816579 0.494770982773843 0.301511344577764 3.63636363636364
16 0.463512405443479 0.391592653589793 0.25 2.75
21 0.305441419328485 0.286978774981635 0.218217890235992 3.42857142857143
26 0.309168058641731 0.0891765771794377 0.196116135138184 3.23076923076923
31 0.326099434519057 0.302882976170438 0.179605302026775 2.83870967741935
36 0.263848274977315 0.0806295686324292 0.166666666666667 3.22222222222222
41 0.25857137812647 0.0196414340775979 0.156173761888606 3.1219512195122
46 0.271370260036694 0.358983957937619 0.147441956154897 2.78260869565217
51 0.230372728163925 0.00433775162900885 0.140028008402801 3.13725490196078
56 0.231455024943138 0.141592653589793 0.133630620956212 3
61 0.215366517548714 0.0596254404750391 0.128036879932896 3.08196721311475
66 0.16069526431021 0.373558861561722 0.123091490979333 3.51515151515152
71 0.198341596349524 0.0430011042940186 0.118678165819385 3.09859154929577
76 0.213278410580833 0.404750548326635 0.114707866935281 2.73684210526316
81 0.172643431797556 0.117666605669466 0.111111111111111 3.25925925925926
86 0.149457873007385 0.300267811526486 0.107832773203438 3.44186046511628
91 0.182228490300209 0.152581664578804 0.104828483672192 2.98901098901099
96 0.165796338698796 0.0250740130768734 0.102062072615966 3.16666666666667
101 0.161522330271375 0.0267241780933754 0.0995037190209989 3.16831683168317
106 0.154853242534351 0.0659545162215278 0.0971285862357264 3.20754716981132
111 0.143003358534774 0.173722661725522 0.0949157995752499 3.31531531531532
116 0.165992184224639 0.245040929451862 0.0928476690885259 2.89655172413793
121 0.135069602129192 0.197250321616818 0.0909090909090909 3.33884297520661
126 0.15177506150278 0.0939736059707457 0.0890870806374748 3.04761904761905
131 0.137333340764305 0.0950485677842527 0.0873704056661038 3.23664122137405
136 0.138689161410596 0.0348779346455008 0.0857492925712544 3.17647058823529
141 0.145518522706743 0.134500455008233 0.0842151921066519 3.00709219858156
146 0.153783458424079 0.401866626192533 0.0827605888602368 2.73972602739726
151 0.131481920899652 0.0372152934300742 0.0813788458771159 3.17880794701987
156 0.132218573617937 0.0133875253846649 0.0800640769025436 3.12820512820513
161 0.125803006899948 0.0633762905095856 0.0788110406239101 3.20496894409938
166 0.126639016560603 0.0150338524343034 0.0776150525706333 3.1566265060241
171 0.136560656926109 0.241007858268156 0.0764719112901873 2.90058479532164
176 0.128519206059136 0.0961381081352477 0.0753778361444409 3.04545454545455
181 0.104278470391337 0.283821711051091 0.0743294146247166 3.42541436464088
186 0.120502761230411 0.0018077073532341 0.0733235575106767 3.13978494623656
191 0.118835855864521 0.000231397045290294 0.0723574605292422 3.1413612565445
196 0.115151123371029 0.042080815797962 0.0714285714285714 3.18367346938776
201 0.113688837280292 0.0424869484002568 0.0705345615858598 3.18407960199005
206 0.117817098458028 0.0736314885412495 0.0696733014291618 3.06796116504854
211 0.111871866029156 0.0242841236613915 0.0688428390821514 3.16587677725118
216 0.106730935808881 0.0991480871509478 0.0680413817439772 3.24074074074074
221 0.106516235636135 0.0801268034237816 0.0672672793996312 3.22171945701357
226 0.0962604834272756 0.238938319861534 0.0665190105237739 3.38053097345133
231 0.104232883073971 0.0791865671894278 0.0657951694959769 3.22077922077922
236 0.111443804618712 0.107694348505047 0.0650944554904119 3.03389830508475
241 0.112630701152018 0.17063829674332 0.0644156626400831 2.97095435684647
246 0.100261176817219 0.0941797041337842 0.0637576713063338 3.23577235772358
251 0.100074432004096 0.0775308523863023 0.0631194403097803 3.2191235059761
256 0.101294530801099 0.0302823464102069 0.0625 3.171875
261 0.105371124134392 0.0917842244710192 0.0618984460590173 3.04980842911877
266 0.104834253757008 0.103998668627387 0.0613139339484966 3.03759398496241
271 0.102637956614109 0.0714819524827819 0.0607456739230787 3.07011070110701
276 0.104756022056131 0.156085407212982 0.0601929265428846 2.98550724637681
281 0.094675166113675 0.0754891969440146 0.0596549986271894 3.21708185053381
286 0.091902396605838 0.117148605151466 0.0591312395989083 3.25874125874126
291 0.0954441563214861 0.0199193739016157 0.0586210381760549 3.16151202749141
296 0.0962465327194167 0.0199710319681716 0.0581238193719096 3.12162162162162
301 0.0983545005427922 0.098403284819029 0.0576390417704235 3.04318936877076
306 0.0945614675047555 0.0174096470538454 0.0571661950475029 3.12418300653595
311 0.0906180945849263 0.0609796936770879 0.0567047977123743 3.20257234726688
316 0.091468454169854 0.0229643084355233 0.0562543950463012 3.16455696202532
321 0.094030074286935 0.0637110336520985 0.0558145572185948 3.07788161993769
326 0.0864015325181882 0.109941088741495 0.0553848775621711 3.25153374233129
331 0.0960494797977983 0.168782985916077 0.0549649709929313 2.97280966767372
336 0.0917162564277549 0.0582593202564596 0.0545544725589981 3.08333333333333
341 0.092573190348532 0.103469486434368 0.0541530361073882 3.03812316715543
346 0.0918253861981117 0.101130225844128 0.053760333057047 3.04046242774566
351 0.0879371648712721 0.0076895196866591 0.0533760512683624 3.13390313390313
356 0.0833365840038888 0.0943624025899821 0.052999894000318 3.23595505617978
361 0.0870436889376129 0.0169389139776048 0.0526315789473684 3.12465373961219
366 0.0817788752680502 0.104308985754469 0.0522708373489317 3.24590163934426
371 0.0850166715855357 0.00665532484686437 0.0519174131651165 3.14824797843666
376 0.0824312913448646 0.0605350059846748 0.0515710623129397 3.20212765957447
381 0.0838447095511289 0.00801364562280549 0.051231551957856 3.1496062992126
386 0.0876975239054956 0.126048612139016 0.0508986598559288 3.01554404145078
391 0.0834382201313741 0.0111578709810973 0.0505721737424174 3.1304347826087
396 0.0842362801731166 0.0506835626807023 0.0502518907629606 3.09090909090909
401 0.0852371595052539 0.0991986386271995 0.0499376169438922 3.04239401496259
406 0.0793332289463761 0.0603777897599604 0.0496291666985465 3.20197044334975
411 0.0792087621927725 0.0506214583323481 0.049326362366699 3.19221411192214
416 0.0780189596689148 0.0699458079486686 0.049029033784546 3.21153846153846
421 0.0832477536985046 0.101212606083855 0.0487370178828579 3.04038004750594
426 0.0791109292957081 0.0133369238749954 0.0484501583111509 3.15492957746479
431 0.0789474030976884 0.00457904014570554 0.0481683050859088 3.1461716937355
436 0.0793789468139902 0.0223265985439216 0.0478913142610576 3.11926605504587
441 0.0773942568205304 0.0239402262288011 0.0476190476190476 3.16553287981859
446 0.0769460854091678 0.0243266289214175 0.0473513723810378 3.16591928251121
451 0.0785217350836277 0.037379793279372 0.0470881609348011 3.10421286031042
456 0.0722780104355713 0.130337170971611 0.0468292905790847 3.2719298245614
461 0.0753548046979046 0.0341123355642199 0.0465746432832622 3.17570498915401
466 0.0774157573461308 0.0428802072378618 0.046324105461208 3.09871244635193
471 0.0787062762770227 0.101252950829708 0.0460775677584091 3.04033970276009
476 0.0754957650547444 0.00713887207718811 0.0458349248514106 3.13445378151261
481 0.0728967821780197 0.0600705480734085 0.0455960752587553 3.2016632016632
486 0.0698696325943396 0.134127511019261 0.0453609211626514 3.27572016460905
491 0.0715932235688646 0.0763299533348505 0.0451293682406524 3.21792260692464
496 0.0736245600669632 0.0035686367327874 0.0449013255066937 3.14516129032258
501 0.0691924916812365 0.123876408286455 0.044676705160877 3.26546906187625
506 0.0718561446969785 0.0362729590584281 0.0444554224474387 3.17786561264822
511 0.0747902793444543 0.0730995029048618 0.0442373955203809 3.06849315068493
516 0.0737334945693914 0.0485693977758395 0.0440225453162812 3.09302325581395
521 0.0707938393168991 0.0369102254889015 0.0438107954338324 3.17850287907869
526 0.071398741529694 0.00669631979423713 0.0436020720196947 3.14828897338403
531 0.0742464541637615 0.105811109333672 0.0433963036602746 3.03578154425612
536 0.0704729111783812 0.0151237643206548 0.043193421279068 3.15671641791045
541 0.0680145748735841 0.0820672355044767 0.0429933580392348 3.22365988909427
546 0.0677096077909137 0.0818505698534304 0.0427960492510913 3.22344322344322
551 0.070752396461942 0.0272550855317171 0.0426014322842305 3.11433756805808
556 0.0706155782777616 0.0336789845250447 0.0424094464839985 3.10791366906475
561 0.0708703589544026 0.054248625069294 0.0422200330920749 3.0873440285205
566 0.0716540700357953 0.0956562578300759 0.0420331351709199 3.04593639575972
571 0.0677791211982412 0.0317873814364766 0.0418486975318687 3.17338003502627
576 0.06618445293636 0.0736851241879846 0.0416666666666667 3.21527777777778
581 0.0652388371125552 0.0942076906442861 0.0414869906822511 3.23580034423408
586 0.0692131298670569 0.0494424829413291 0.0413096192386014 3.09215017064846
591 0.0683428890421609 0.0282254793089134 0.0411345034894864 3.11336717428088
596 0.0672850397135788 0.000653056274356967 0.040961596025952 3.14093959731544
601 0.0662226820932434 0.0264605910025528 0.0407908508224002 3.16805324459235
606 0.0683151294302271 0.0590844027647104 0.0406222231851194 3.08250825082508
611 0.063879666371729 0.085903254757179 0.0404556697031367 3.22749590834697
616 0.0668465496980086 0.0247095367066761 0.040291148201269 3.11688311688312
621 0.0685467272926641 0.101335004636492 0.0401286176952564 3.0402576489533
626 0.0642910657058035 0.0469057489661173 0.0399680383488716 3.18849840255591
631 0.0644030583610066 0.0343185983911893 0.0398093714329016 3.17591125198098
636 0.0657172185643481 0.022095798243881 0.0396525792859072 3.11949685534591
641 0.0627858580939652 0.0721358955521727 0.0394976252766682 3.21372854914197
646 0.063811447166149 0.0286859841811049 0.0393444737682317 3.1702786377709
651 0.064742814009013 0.0140964938355688 0.039193090083481 3.12749615975422
656 0.0644808766891202 0.0135438731019883 0.0390434404721515 3.1280487804878
661 0.0621974534473968 0.0596176338534748 0.0388954920792207 3.20121028744327
666 0.0614331406815875 0.0776265656294259 0.0387492129146064 3.21921921921922
671 0.0591755950201579 0.143057122863262 0.0386045718241091 3.28464977645306
676 0.0625066746021467 0.0240878197829879 0.0384615384615385 3.16568047337278
681 0.0654030505853266 0.0990082189348738 0.0383200832619674 3.04258443465492
686 0.0628196935249377 0.00456641452273754 0.0381801774160606 3.13702623906706
691 0.061485578661515 0.0364102407662128 0.0380417928454267 3.17800289435601
696 0.0604509004885772 0.0653038981343448 0.0379049021789452 3.20689655172414
701 0.061193368627387 0.0310179027582809 0.0377694787300249 3.17261055634807
706 0.062743936499295 0.03677678956713 0.0376354964747491 3.10481586402266
711 0.0631933207049982 0.0642368167402854 0.0375029300308675 3.07735583684951
716 0.0594475466746822 0.0706978492035031 0.0373717546375968 3.2122905027933
721 0.0607624142817536 0.0151341147874606 0.0372419461361929 3.15672676837725
726 0.064223297278673 0.138837832653154 0.0371134809512603 3.00275482093664
731 0.0639743367569988 0.137488686421531 0.0369863360727655 3.00410396716826
736 0.0596858643225869 0.0323203898884676 0.0368604890387243 3.17391304347826
741 0.0596227619621926 0.0270983045748494 0.0367359179185323 3.16869095816464
746 0.0603831383047635 0.0102253613645922 0.0366126012969106 3.1313672922252
751 0.059491644758731 0.016862739219794 0.0364905182584413 3.15845539280959
756 0.0595591812511015 0.00655549455835525 0.0363696483726654 3.14814814814815
761 0.0582556043623015 0.0489461111933869 0.0362499716797207 3.19053876478318
766 0.0577820292182339 0.0594517328331832 0.0361314686764962 3.20104438642298
771 0.0589514774361177 0.00756428545041432 0.036014120303281 3.14915693904021
776 0.0584913235701974 0.0182011608431965 0.0358979079308869 3.15979381443299
781 0.0577682527226862 0.0389451184972747 0.0357828133482257 3.18053777208707
786 0.0562084369508054 0.0899595092600798 0.0356688187503211 3.23155216284987
791 0.0591546866075342 0.0316052958148245 0.0355559067267389 3.10998735777497
796 0.0602172757497671 0.0863162716802455 0.0354440602504168 3.05527638190955
801 0.056900405154648 0.0444248245625163 0.0353332626668787 3.18601747815231
806 0.0576026344733091 0.00977211067819717 0.0352234976838173 3.15136476426799
811 0.0556306128230886 0.0791225128713657 0.0351147493610312 3.22071516646116
816 0.0599243305244389 0.107278928099597 0.0350070021007002 3.0343137254902
821 0.0566891557381795 0.025277017542972 0.0349002406379888 3.16686967113277
826 0.0562686247426994 0.0351627943520954 0.034794450031961 3.17675544794189
831 0.0578355386965517 0.0368995127955691 0.034689615656798 3.10469314079422
836 0.0560441634417933 0.0306561502379581 0.0345857231933037 3.17224880382775
841 0.0538771845687364 0.106921020607591 0.0344827586206897 3.24851367419738
846 0.0566222021374516 0.00684088054014786 0.0343807082086264 3.13475177304965
851 0.0549437329652985 0.0546470643890551 0.034279558509553 3.19623971797885
856 0.0561620423088963 0.00140573770194274 0.0341792963512332 3.14018691588785
861 0.0555455163012138 0.0175246518689756 0.0340799088295499 3.15911730545877
866 0.0560372642598108 0.00995293072605197 0.0339813833015292 3.13163972286374
871 0.0561847251018872 0.023337774140884 0.0338837073785849 3.11825487944891
876 0.0554851770044545 4.01421742681762E-05 0.0337868689199743 3.14155251141552
881 0.0548891635564538 0.0184527493613986 0.0336908560264605 3.16004540295119
886 0.0544017181237566 0.0322222448300713 0.0335956570341698 3.17381489841986
891 0.0549932186545546 0.000943822280015993 0.0335012605086404 3.14253647586981
896 0.0567928885774132 0.0880212250183647 0.033407655239053 3.05357142857143
901 0.0523721969575874 0.0948113419706953 0.0333148302326385 3.23640399556049
906 0.0532442448475717 0.0548753375801847 0.0332227747092548 3.19646799116998
911 0.053738052927646 0.0285500467395154 0.0331314780961286 3.17014270032931
916 0.0538969989696938 0.0156125865848793 0.0330409300227545 3.15720524017467
921 0.0544420942365883 0.0145568229709006 0.0329511203159468 3.12703583061889
926 0.0547637436971092 0.0357611201124715 0.0328620389950387 3.10583153347732
931 0.0540349705042592 0.00947664929333758 0.0327736762672231 3.13211600429646
936 0.0529967253874556 0.0293475173503777 0.0326860225230307 3.17094017094017
941 0.0533457294446557 0.0082479415217902 0.0325990683319404 3.14984059511158
946 0.0529062135753984 0.0211980440846253 0.0325128044381178 3.16279069767442
951 0.0527624160819695 0.021393676588966 0.0324272217562761 3.16298633017876
956 0.0521294072830607 0.0425077648202485 0.0323423113676575 3.18410041841004
961 0.049574811338659 0.138324099792101 0.032258064516129 3.27991675338189
966 0.0526215408240948 0.00954606276631464 0.0321744726043893 3.15113871635611
971 0.0511270211262993 0.0674701682433687 0.032091527190284 3.20906282183316
976 0.0524321350099745 0.0059483300167642 0.032009219983224 3.14754098360656
981 0.0497488986613666 0.112229976379626 0.031927542840705 3.25382262996942
986 0.0527761439625985 0.0219171972003407 0.0318464877649241 3.11967545638945
991 0.0528921241955977 0.0336209078783907 0.0317660468994898 3.1079717457114
996 0.0532499270574892 0.0572553041922026 0.0316862125262239 3.08433734939759
