------ Hessenberg Factorization of random matrix -------
Random matrix A:
      78.8      -32.8      -38.8      -87.4      -89.2 
      84.6        -78       93.7       53.1       83.2 
      53.6      -47.2       93.7      -52.7      -33.6 
     -61.8       49.8       81.3      -68.2      -58.7 
     -79.9       56.6       76.9       48.9       69.2 
Lower Hessenberg matrix H:
      78.8        135   1.12e-14   6.22e-15   5.95e-16 
      56.9       56.1        149  -1.31e-14   6.51e-15 
     -93.6      -20.5       54.6         87   3.55e-15 
      87.8      -89.2      -1.23       -104      -9.18 
      22.9        122      -51.7       8.65       10.4 
Transformation matrix V:
         1          0          0          0          0 
         0     -0.243     -0.157      0.957    -0.0144 
         0     -0.288     -0.919     -0.222      0.152 
         0     -0.648      0.339    -0.0988      0.675 
         0     -0.662      0.126     -0.158     -0.722 
V*H*V^T: (should be A)
      78.8      -32.8      -38.8      -87.4      -89.2 
      84.6        -78       93.7       53.1       83.2 
      53.6      -47.2       93.7      -52.7      -33.6 
     -61.8       49.8       81.3      -68.2      -58.7 
     -79.9       56.6       76.9       48.9       69.2 

------ Hessenberg Factorization of random symmetric matrix -------
Random symmetric matrix B:
      85.8      -28.9       36.3      -95.3        146 
     -28.9       -181       32.4       -120       28.3 
      36.3       32.4       -186      -44.3       83.3 
     -95.3       -120      -44.3      -67.1      -50.6 
       146       28.3       83.3      -50.6         26 
Lower Hessenberg matrix W:
      85.8        181  -4.75e-15   5.46e-16   8.84e-15 
       181       36.3        139  -2.94e-15  -1.02e-14 
 -4.75e-15        139       -174         52   1.78e-15 
  5.46e-16  -2.94e-15         52      -57.4       41.3 
  8.84e-15  -1.02e-14   1.07e-14       41.3       -213 
Transformation matrix V:
         1          0          0          0          0 
         0      -0.16      0.915      0.221      0.298 
         0      0.201      0.294      0.171     -0.919 
         0     -0.528      0.171     -0.805      -0.21 
         0       0.81      0.219     -0.523       0.15 
V*W*V^T: (should be B)
      85.8      -28.9       36.3      -95.3        146 
     -28.9       -181       32.4       -120       28.3 
      36.3       32.4       -186      -44.3       83.3 
     -95.3       -120      -44.3      -67.1      -50.6 
       146       28.3       83.3      -50.6         26 
------ Hessenberg Factorization of random 10x10 matrix -------
Random matrix D:
     -42.1      -41.7       3.34       19.9       74.9      -70.8       57.2      -50.1       5.14      -69.4 
     -57.7      -89.2      -33.3       48.3       23.2        -97      -36.1      -75.9      -98.8      -96.8 
      24.1      -83.2      -35.2         30      -19.6       78.3       47.1       48.1       13.9         14 
      85.7      -97.2         65      -27.9       57.6      -4.98      -55.8       76.3       31.6       38.7 
     -34.1         52        -47      -8.64       60.9       76.1       61.8      -68.5      -7.48       49.5 
     -9.89      -87.8      -52.5      -91.9       89.4       91.3       9.99       80.2       16.9         11 
     -60.9      -29.2       32.9       62.3       42.4       77.5      -19.2       86.2         70       76.1 
      31.2       5.17       75.2      -53.3       31.7       59.1       44.7       7.16        -65      -63.8 
      65.9      -16.9       84.2       57.1      -38.7       32.6       11.4      -95.9      -3.99       95.8 
     -18.3      -93.6       21.7       6.71      -47.4      -81.6       43.9      -36.4     0.0881        -49 
Lower Hessenberg matrix H:
     -42.1        153   5.33e-15  -5.14e-15   1.02e-15   1.67e-16   3.37e-15      7e-15   7.21e-15   2.96e-17 
      -7.2       -107        171   -5.9e-15   3.82e-15  -1.07e-14  -6.36e-15  -2.03e-15  -4.68e-16  -2.56e-15 
      1.26         72      -5.57        143   8.82e-16  -5.55e-15   5.29e-15    3.6e-15   4.36e-15   1.22e-16 
      56.5        -55       18.7       5.23        126    6.3e-15   7.69e-15   1.24e-15      5e-16  -1.87e-15 
      19.5      -62.2         77       54.3       21.3        127  -7.42e-15   -1.7e-15   5.57e-15  -4.95e-15 
     -3.86      -55.7        -13       78.9       96.1      -70.9        161  -6.22e-15   2.38e-16  -1.29e-14 
      57.7      -58.6       20.3       -9.7       58.2      -5.44        102        194   2.83e-14  -7.45e-15 
     -98.5       6.86       39.2      -49.5       2.65      -23.5       22.3       49.3        146  -2.22e-16 
     -49.4      -40.1       33.7      -3.35       45.2      -77.8       29.8       21.4      -69.6      -11.9 
     -52.6       48.9      -45.3      -31.4       14.3       12.8       49.3      -17.5      -39.1       9.19 
Transformation matrix V:
         1          0          0          0          0          0          0          0          0          0 
         0     -0.273      0.446     -0.744     -0.287      0.088      -0.25    0.00649     -0.128      0.066 
         0     0.0218    0.00609      0.166     0.0814      0.665    -0.0106      0.192     -0.697    -0.0177 
         0       0.13      0.443      0.239     -0.349      0.182      0.405     -0.634     0.0146     0.0948 
         0       0.49      0.393    0.00908     -0.149     -0.365      0.312      0.559     -0.196      0.052 
         0     -0.463      0.123     0.0605    -0.0882      0.306      0.468      0.406      0.396     -0.353 
         0      0.374      0.163     -0.192      0.429       0.45    0.00311     0.0885      0.459      0.437 
         0     -0.328      -0.18     -0.263      0.344     -0.209      0.602     -0.101     -0.282      0.421 
         0     0.0336      0.414     -0.066      0.656     -0.134   -0.00164     -0.216     -0.107     -0.562 
         0     -0.454      0.453      0.498      0.159     -0.163     -0.308      0.142    0.00514      0.418 
V*H*V^T: (should be D)
     -42.1      -41.7       3.34       19.9       74.9      -70.8       57.2      -50.1       5.14      -69.4 
     -57.7      -89.2      -33.3       48.3       23.2        -97      -36.1      -75.9      -98.8      -96.8 
      24.1      -83.2      -35.2         30      -19.6       78.3       47.1       48.1       13.9         14 
      85.7      -97.2         65      -27.9       57.6      -4.98      -55.8       76.3       31.6       38.7 
     -34.1         52        -47      -8.64       60.9       76.1       61.8      -68.5      -7.48       49.5 
     -9.89      -87.8      -52.5      -91.9       89.4       91.3       9.99       80.2       16.9         11 
     -60.9      -29.2       32.9       62.3       42.4       77.5      -19.2       86.2         70       76.1 
      31.2       5.17       75.2      -53.3       31.7       59.1       44.7       7.16        -65      -63.8 
      65.9      -16.9       84.2       57.1      -38.7       32.6       11.4      -95.9      -3.99       95.8 
     -18.3      -93.6       21.7       6.71      -47.4      -81.6       43.9      -36.4     0.0881        -49 
