0.5 130.758595127075 126.662899117518 134.986727121592
0.55 129.647811971659 125.631855496712 133.792142785621
0.6 128.546464824769 124.609204633024 132.608130094479
0.65 127.454473528313 123.594878208904 131.434595492883
0.7 126.371758605137 122.588808462913 130.271446253483
0.75 125.298241253238 121.590928185196 129.118590469532
0.8 124.23384334003 120.601170712987 127.975937047625
0.85 123.178487396655 119.619469926161 126.843395700499
0.9 122.132096612349 118.645760242814 125.720876939904
0.95 121.094594828847 117.679976614883 124.608292069529
1 120.065906534842 116.7220545238 123.505553177991
1.05 119.04595686049 115.771929976181 122.412573131893
1.1 118.03467157196 114.829539499554 121.329265568939
1.15 117.031977066029 113.894820138116 120.255544891105
1.2 116.03780036473 112.967709448526 119.191326257882
1.25 115.052069110036 112.04814549574 118.136525579567
1.3 114.074711558596 111.136066848864 117.091059510623
1.35 113.105656576512 110.231412577058 116.05484544309
1.4 112.144833634163 109.334122245463 115.027801500058
1.45 111.192172801071 108.444135911161 114.009846529201
1.5 110.247604740811 107.561394119177 113.000900096359
1.55 109.311060705966 106.685837898498 112.000882479189
1.6 108.382472533121 105.817408758142 111.009714660859
1.65 107.461772637905 104.956048683247 110.027318323809
1.7 106.54889401007 104.101700131195 109.053615843564
1.75 105.643770208614 103.254306027767 108.088530282593
1.8 104.746335356945 102.413809763333 107.131985384238
1.85 103.856524138088 101.580155189068 106.183905566685
1.9 102.974271789931 100.753286613204 105.244215916991
1.95 102.099514100509 99.9331487973046 104.312842185166
2 101.232187403333 99.1196869525785 103.389710778307
2.05 100.372228572755 98.3128467362189 102.474748754781
2.1 99.5195750193742 97.5125742477723 101.567883818462
2.15 98.6741646854822 96.7188160255385 100.669044313019
2.2 97.8359360405444 95.9315190429983 99.7781592162551
2.25 97.0048280767235 95.1506307052719 98.8951581344937
2.3 96.1807803044383 94.3760988456049 98.019971297017
2.35 95.3637327479617 93.6078717218833 97.1525295505532
2.4 94.5536259410551 92.8458980131771 96.2927643538124
2.45 93.7504009226407 92.090126816312 95.4406077720706
2.5 92.95399923251 91.340507642468 94.5959924718018
2.55 92.1643629070689 90.5969904138079 93.7588517153577
2.6 91.3814344751193 89.8595254601304 92.9291193556944
2.65 90.6051569536758 89.1280635155531 92.1067298311456
2.7 89.835473843819 88.4025557152207 91.2916181602424
2.75 89.0723291265825 87.6829535920407 90.4837199365787
2.8 88.3156672588767 86.9692090734458 89.6829713237222
2.85 87.5654331694457 86.261274478182 88.88930905017
2.9 86.8215722548591 85.5591025131239 88.1026704043496
2.95 86.0840303755381 84.8626462701149 87.3229932296635
3 85.3527538518152 84.1718592228335 86.5502159195778
3.05 84.6276894600267 83.4866952236853 85.7842774127546
3.1 83.9087844286398 82.8071085007203 85.0251171882268
3.15 83.1959864344112 82.1330536545745 84.2726752606164
3.2 82.4892435985792 81.4644856554379 83.5268921753946
3.25 81.7885044830876 80.8013598400456 82.7877090041838
3.3 81.0937180868423 80.1436319086944 82.0550673401018
3.35 80.404833841999 79.4912579222835 81.328909293146
3.4 79.7218016102831 78.8441942993788 80.6091774856201
3.45 79.0445716793404 78.2023978133019 79.8958150475997
3.5 78.3730947591187 77.565825589242 79.1887656124388
3.55 77.7073219782807 76.9344351013919 78.4879733123165
3.6 77.0472048806472 76.3081841701071 77.7933827738217
3.65 76.3926954216697 75.6870309590878 77.1049391135785
3.7 75.7437459649345 75.0709339725844 76.4225879339093
3.75 75.1003092786948 74.459852052625 75.7462753185363
3.79999999999999 74.4623385324337 73.8537443762661 75.0759478283217
3.84999999999999 73.8297872934555 73.2525704528656 74.4115524970449
3.89999999999999 73.2026095235064 72.6562901213774 73.7530368272175
3.94999999999999 72.5807595754234 72.0648635476689 73.1003487859351
3.99999999999999 71.9641921898126 71.4782512218598 72.4534368007659
4.04999999999999 71.3528624917545 70.8964139556823 71.8122497556757
4.09999999999999 70.7467259875385 70.3193128798639 71.176736986989
4.14999999999999 70.1457385614241 69.7469094415298 70.5468482793858
4.19999999999999 69.5498564724303 69.1791654016284 69.9225338619335
4.24999999999999 68.9590363511522 68.616042832376 69.3037444041548
4.29999999999999 68.3732351966039 68.0575041147235 68.6904310121293
4.34999999999999 67.7924103730897 67.5035119358429 68.0825452246303
4.39999999999999 67.2165196071002 66.9540292866351 67.4800390092959
4.44999999999999 66.6455209842359 66.4090194592572 66.8828647588333
4.49999999999999 66.0793729461567 65.8684460446703 66.2909752872571
4.54999999999999 65.518034287557 65.3322729302074 65.7043238261613
4.59999999999999 64.9614641531668 64.8004642971607 65.1228640210234
4.64999999999999 64.409622034778 64.2729846183887 64.5465499275419
4.69999999999999 63.8624677682964 63.7497986559432 63.9753360080061
4.74999999999999 63.3199615308185 63.230871458715 63.4091771276976
4.79999999999999 62.7820638377327 62.7161683600988 62.8480285513242
4.84999999999999 62.248735539846 62.2056549756778 62.2918459394851
4.89999999999999 61.7199378205345 61.6992972009264 61.7405853451674
4.94999999999999 61.1956321929181 61.1970612089317 61.1942032102735
4.99999999999999 60.6757804970595 60.6989134481341 60.6526563621793
5.04999999999999 60.1603448971869 60.2048206400856 60.1159020103233
5.09999999999999 59.64928787894 59.7147497772269 59.583897742825
5.14999999999999 59.1425722466402 59.228668120682 59.0566015231338
5.19999999999999 58.6401611205825 58.7465431980715 58.5339716867078
5.24999999999999 58.1420179343522 58.2683428013432 58.0159669377212
5.29999999999999 57.6481064321631 57.7940349846201 57.5025463458018
5.34999999999999 57.1583906662189 57.3235880620669 56.9936693427962
5.39999999999999 56.6728349940966 56.8569706057725 56.489295719565
5.44999999999999 56.1914040761527 56.3941514436512 55.9893856228052
5.49999999999999 55.7140628729508 55.9350996573599 55.4938995519012
5.54999999999999 55.2407766427119 55.4797845802327 55.002798355804
5.59999999999999 54.771510938785 55.028175795232 54.516043229937
5.64999999999999 54.3062316071408 54.580243132917 54.0335957131307
5.69999999999999 53.8449047838854 54.1359566694278 53.555417684583
5.74999999999999 53.387496892796 53.6952867244864 53.0814713608472
5.79999999999999 52.9339746428767 53.2582038594144 52.6117192928467
5.84999999999999 52.484305025936 52.8246788751657 52.1461243629159
5.89999999999999 52.038455314184 52.3946828103763 51.6846497818673
5.94999999999999 51.5963930578507 51.9681869394294 51.2272590860846
5.99999999999999 51.1580860828243 51.5451627705367 50.7739161346412
6.04999999999999 50.7235024883089 51.1255820438343 50.3245851064451
6.09999999999999 50.2926106445037 50.7094167294958 49.8792304974081
6.14999999999999 49.8653791902999 50.2966390258588 49.4378171176405
6.19999999999999 49.4417770309989 49.8872213575686 49.0003100886705
6.24999999999999 49.0217733360489 49.4811363737351 48.5666748406884
6.29999999999999 48.6053375368009 49.0783569461063 48.1368771098149
6.34999999999999 48.1924393242842 48.6788561672558 47.7108829353938
6.39999999999999 47.783048647 48.2826073487853 47.2886586573087
6.44999999999999 47.3771357087346 47.8895840195415 46.8701709133231
6.49999999999999 46.9746709663905 47.4997599238482 46.4553866364443
6.54999999999999 46.5756251278363 47.1131090197516 46.044273052311
6.59999999999999 46.1799691497748 46.7296054772811 45.6367976766028
6.64999999999999 45.7876742356292 46.3492236767239 45.2329283124745
6.69999999999999 45.398711833447 45.9719382069129 44.832633048011
6.74999999999998 45.0130536338224 45.5977238635294 44.4358802537065
6.79999999999998 44.6306715678352 45.2265556474195 44.042638579965
6.84999999999998 44.2515378050087 44.858408762924 43.6528769546233
6.89999999999998 43.8756247512835 44.4932586162216 43.2665645804955
6.94999999999998 43.5029050470094 44.1310808136865 42.8836709329401
6.99999999999998 43.1333515649542 43.7718511602582 42.5041657574476
7.04999999999998 42.7669374083291 43.4155456578255 42.1280190672501
7.09999999999998 42.4036359088314 43.0621405036235 41.755201140952
7.14999999999998 42.0434206247032 42.711612088643 41.3856825201813
7.19999999999998 41.6862653388072 42.3639369960536 41.0194340072622
7.24999999999998 41.3321440567184 42.0190919996394 40.6564266629079
7.29999999999998 40.9810310048323 41.6770540622472 40.2966318039339
7.34999999999998 40.6329006284888 41.3378003342476 39.9400210009916
7.39999999999998 40.2877275901127 41.0013081520086 39.586566076322
7.44999999999998 39.9454867673693 40.6675550363817 39.2362391015294
7.49999999999998 39.6061532513358 40.3365186911996 38.8890123953741
7.54999999999998 39.2697023446888 40.0081770017876 38.5448585215857
7.59999999999998 38.9361095599065 39.6825080334854 38.203750286695
7.64999999999998 38.6053506174865 39.3594900301826 37.8656607378852
7.69999999999998 38.2774014441787 39.0391014128643 37.5305631608624
7.74999999999998 37.9522381712332 38.7213207781705 37.1984310777446
7.79999999999998 37.6298371326632 38.4061268969657 36.8692382449695
7.84999999999998 37.3101748635224 38.0934987129208 36.5429586512213
7.89999999999998 36.993228098197 37.7834153411065 36.2195665153747
7.94999999999998 36.6789737687131 37.4758560665983 35.8990362844582
7.99999999999998 36.3673890030568 37.170800343092 35.5813426316352
8.04999999999998 36.0584511235103 36.8682277915319 35.2664604542023
8.09999999999998 35.7521376450009 36.5681181987489 34.9543648716063
8.14999999999998 35.4484262734649 36.2704515161103 34.6450312234778
8.19999999999998 35.1472949042246 35.9752078581807 34.3384350676829
8.24999999999998 34.8487216203797 35.682367501393 34.0345521783921
8.29999999999998 34.5526846912122 35.3919108827314 33.7333585441655
8.34999999999999 34.2591625706045 35.1038185984239 33.434830366056
8.39999999999999 33.9681338954716 34.8180714026469 33.1389440557288
8.44999999999999 33.6795774842061 34.5346502062384 32.8456762335973
8.49999999999999 33.3934723351364 34.2535360754236 32.555003726976
8.54999999999999 33.1097976249986 33.9747102305498 32.2669035682492
8.59999999999999 32.8285327074203 33.6981540448318 31.9813529930567
8.64999999999999 32.5496571114186 33.4238490431073 31.6983294384944
8.69999999999999 32.2731505399096 33.1517769006033 31.4178105413322
8.74999999999999 31.9989928682316 32.8819194417114 31.1397741362463
8.79999999999999 31.7271641426802 32.6142586387736 30.8641982540684
8.84999999999999 31.4576445790557 32.3487766108783 30.5910611200492
8.89999999999999 31.190414561224 32.0854556226656 30.3203411521383
8.94999999999999 30.9254546396879 31.8242780831423 30.0520169592787
8.99999999999999 30.6627455301724 31.5652265445072 29.7860673397167
9.05 30.4022681122206 31.3082837009852 29.5224712793266
9.1 30.1440034278022 31.053432387671 29.2612079499499
9.15 29.887932679934 30.8006555793831 29.0022567077501
9.2 29.6340372313112 30.5499363895255 28.7455970915814
9.25 29.3822986029518 30.3012580689605 28.4912088213716
9.3 29.1326984728507 30.0546040048891 28.2390717965199
9.35 28.8852186746471 29.8099577197419 27.9891660943089
9.4 28.6398411963015 29.5673028700774 27.7414719683297
9.45 28.3965481787854 29.326623245491 27.4959698469226
9.5 28.1553219147812 29.0879027675318 27.2526403316297
9.55 27.9161448473934 28.8511254886283 27.0114641956626
9.6 27.6789995688709 28.6162755910232 26.7724223823833
9.65 27.4438688193399 28.3833373857167 26.5354960037979
9.7 27.2107354855477 28.1522953114187 26.3006663390649
9.75000000000001 26.9795825996174 27.9231339335084 26.0679148330153
9.80000000000001 26.7503933378126 27.6958379430042 25.8372230946868
9.85000000000001 26.5231510193134 27.4703921555404 25.6085728958705
9.90000000000001 26.2978391050016 27.2467815103528 25.3819461696707
9.95000000000001 26.0744411962579 27.0249910692728 25.1573250090773
10 25.8529410337673 26.8050060157296 24.9346916655508
10.05 25.633322496337 26.5868116537599 24.7140285476198
10.1 25.4155695997217 26.3703934070266 24.4953182194915
10.15 25.1996664954613 26.1557368178448 24.2785433996732
10.2 24.9855974697269 25.9428275462159 24.0636869596076
10.25 24.7733469421773 25.73165136887 23.8507319223188
10.3 24.5628994648249 25.5221941783153 23.6396614610713
10.35 24.3542397209115 25.3144419818958 23.4304588980398
10.4 24.1473525237934 25.1083809008568 23.2231077029923
10.45 23.9422228158362 24.9039971694173 23.017591491983
10.5 23.7388356673188 24.7012771338505 22.8138940260585
10.55 23.5371762753468 24.500207251572 22.6119992099741
10.6 23.3372299627752 24.3007740902348 22.4118910909225
10.65 23.13898217714 24.1029643268317 22.2135538572729
10.7 22.9424184895993 23.9067647468061 22.0169718373218
10.75 22.7475245938827 23.7121622431682 21.8221294980546
10.8 22.5542863052507 23.5191438156203 21.6290114439186
10.85 22.3626895594616 23.3276965696875 21.4376024156059
10.9 22.1727204117487 23.1378077158571 21.2478872888483
10.95 21.9843650358044 22.9494645687234 21.0598510732219
11 21.7976097227747 22.7626545461411 20.8734789109625
11.05 21.6124408802611 22.5773651683839 20.6887560757922
11.1 21.4288450313314 22.3935840573116 20.505667971755
11.15 21.2468088135388 22.2112989355424 20.3242001320642
11.2 21.0663189779492 22.0304976256336 20.1443382179588
11.25 20.8873623881772 21.8511680492672 19.9660680175708
11.3 20.7099260194299 21.6732982264436 19.7893754448022
11.35 20.5339969575588 21.4968762746812 19.6142465382118
11.4 20.3595623981201 21.3218904082225 19.4406674599124
11.45 20.1866096454427 21.1483289372465 19.2686244944768
11.5 20.0151261117039 20.9761802670884 19.0981040478548
11.55 19.8450993160138 20.8054328974645 18.9290926462985
11.6 19.6765168835064 20.6360754217041 18.7615769352978
11.65 19.5093665444391 20.4680965259876 18.5955436785256
11.7 19.3436361332999 20.3014849885904 18.430979756791
11.75 19.1793135879218 20.1362296791336 18.2678721670038
11.8 19.0163869486045 19.97231955784 18.1062080211462
11.85 18.8548443572449 19.8097436747971 17.9459745452547
11.9 18.694674056473 19.6484911692252 17.7871590784111
11.95 18.535864388797 19.4885512687521 17.6297490717417
12 18.3784037957543 19.3299132886934 17.4737320874256
12.05 18.2222808170705 19.1725666313384 17.3190957977124
12.1 18.0674840898252 19.0165007852426 17.1658279839481
12.15 17.9140023476253 18.8617053245254 17.0139165356089
12.2 17.7618244197845 18.7081699081734 16.8633494493453
12.25 17.6109392305105 18.5558842793494 16.7141148280328
12.3 17.4613357980992 18.404838264708 16.5662008798325
12.35 17.3130032341348 18.255021773715 16.4195959172588
12.4 17.1659307426978 18.1064247979739 16.2742883562564
12.45 17.0201076195793 17.9590374105573 16.1302667152846
12.5 16.8755232515015 17.8128497653433 15.9875196144102
12.55 16.7321671153456 17.6678520963582 15.8460357744086
12.6 16.5900287773858 17.524034717124 15.7058040158721
12.65 16.4490978925299 17.381388020011 15.5668132583268
12.7 16.3093642035663 17.2399024755964 15.4290525193569
12.75 16.1708175404176 17.0995686320272 15.2925109137374
12.8 16.0334478194005 16.9603771143893 15.1571776525734
12.85 15.8972450424915 16.8223186240809 15.0230420424479
12.9000000000001 15.7621992965996 16.6853839381914 14.8900934845769
12.9500000000001 15.6283007528446 16.549563908885 14.7583214739717
13.0000000000001 15.4955396658418 16.4148494627903 14.6277155986092
13.0500000000001 15.3639063729928 16.2812316003932 14.4982655386088
13.1000000000001 15.233391293782 16.1487013954366 14.3699610654173
13.1500000000001 15.1039849290796 16.0172499943233 14.2427920410005
13.2000000000001 14.9756778604501 15.8868686155253 14.1167484170422
13.2500000000001 14.8484607494667 15.7575485489965 13.9918202341502
13.3000000000001 14.7223243370318 15.629281155591 13.8679976210692
13.3500000000001 14.597259442703 15.5020578664865 13.7452707939013
13.4000000000001 14.4732569640252 15.3758701826109 13.6236300553323
13.4500000000001 14.3503078758677 15.2507096740755 13.503065793866
13.5000000000001 14.2284032297673 15.1265679796111 13.3835684830643
13.5500000000001 14.1075341532778 15.00343680601 13.265128680795
13.6000000000001 13.987691849323 14.8813079275715 13.147737028485
13.6500000000001 13.8688675955578 14.7601731855525 13.0313842503814
13.7000000000001 13.751052743732 14.640024487623 12.9160611528186
13.7500000000001 13.6342387190622 14.5208538073246 12.8017586234914
13.8000000000001 13.5184170196066 14.4026531835349 12.6884676307352
13.8500000000001 13.4035792156468 14.2854147199357 12.5761792228127
13.9000000000001 13.2897169490742 14.1691305844851 12.464884527206
13.9500000000001 13.1768219327815 14.0537930088944 12.3545747499159
14.0000000000001 13.0648859500599 13.9393942881096 12.2452411747672
14.0500000000001 12.9539008540007 13.8259267797959 12.1368751627192
14.1000000000001 12.8438585669024 13.7133829038279 12.0294681511842
14.1500000000001 12.7347510796829 13.6017551417826 11.92301165335
14.2000000000001 12.6265704512969 13.4910360364375 11.8174972575096
14.2500000000001 12.5193088081572 13.3812181912726 11.712916626397
14.3000000000001 12.4129583435623 13.2722942699757 11.6092614965276
14.3500000000001 12.3075113171278 13.1642569959526 11.5065236775459
14.4000000000001 12.2029600542233 13.0570991518413 11.4046950515781
14.4500000000001 12.0992969454137 12.9508135790293 11.3037675725907
14.5000000000001 11.9965144459056 12.8453931771757 11.2037332657546
14.5500000000001 11.8946050749976 12.740830903737 11.1045842268153
14.6000000000001 11.7935614155365 12.6371197734961 11.0063126214679
14.6500000000001 11.6933761133772 12.5342528580963 10.9089106847385
14.7000000000001 11.5940418768472 12.4322232855779 10.8123707203703
14.7500000000001 11.4955514762165 12.3310242399194 10.7166851002157
14.8000000000001 11.3978977431706 12.2306489605823 10.6218462636334
14.8500000000001 11.3010735702896 12.1310907420591 10.5278467168913
14.9000000000001 11.2050719105303 12.0323429334256 10.4346790325739
14.9500000000001 11.1098857767137 11.9343989378966 10.3423358489957
15.0000000000001 11.0155082410161 11.8372522123851 10.2508098696197
15.0500000000001 10.9219324344654 11.740896267065 10.1600938624804
15.1000000000001 10.8291515464404 11.6453246649381 10.0701806596128
15.1500000000001 10.7371588241758 11.5505310214036 9.98106315648574
15.2000000000001 10.6459475722705 11.4565090038317 9.89273431144055
15.2500000000001 10.5555111522002 11.3632523311406 9.80518714513487
15.3000000000001 10.4658429818343 11.270754773377 9.71841473999095
15.3500000000001 10.3769365349568 11.1790101512997 9.63241023964916
15.4000000000001 10.2887853407913 11.0880123359668 9.54716684842618
15.4500000000001 10.2013829835304 10.9977552483266 9.46267783077808
15.5000000000001 10.114723101868 10.908232858811 9.37893651076808
15.5500000000001 10.0287993885371 10.8194391869331 9.29593627153906
15.6000000000001 9.94360558985031 10.7313683008876 9.21367055479073
15.6500000000001 9.85913550524465 10.6440143171541 9.13213286026141
15.7000000000001 9.77538298683053 10.5573714001048 9.05131674521439
15.7500000000001 9.69234193894412 10.471433761614 8.97121582392893
15.8000000000001 9.61000631770374 10.3861956606718 8.8918237671956
15.8500000000001 9.52837013056997 10.3016514030006 8.81313430181622
15.9000000000001 9.44742743590951 10.2177953406743 8.73514121010819
15.9500000000001 9.36717234256272 10.1346218717414 8.65783832941315
