-5 -0.999999999998991
-4.95 -0.999999999998306
-4.9 -0.999999999997169
-4.85 -0.999999999995292
-4.8 -0.999999999992211
-4.75 -0.999999999987176
-4.7 -0.999999999978992
-4.65 -0.999999999965757
-4.6 -0.999999999944458
-4.55 -0.99999999991036
-4.5 -0.999999999856043
-4.45 -0.99999999976996
-4.4 -0.999999999634219
-4.35 -0.999999999421262
-4.3 -0.999999999088853
-4.25 -0.999999998572618
-4.2 -0.999999997774958
-4.15 -0.999999996548699
-4.1 -0.9999999946731
-4.05 -0.999999991818862
-4 -0.99999998749738
-3.95 -0.9999999809876
-3.9 -0.999999971231184
-3.85 -0.99999995668316
-3.8 -0.999999935100431
-3.75 -0.999999903244041
-3.7 -0.999999856462596
-3.65 -0.9999997881129
-3.6 -0.99999968875912
-3.55000000000001 -0.999999545072622
-3.50000000000001 -0.999999338329936
-3.45000000000001 -0.999999042374869
-3.40000000000001 -0.999998620870979
-3.35000000000001 -0.999998023620836
-3.30000000000001 -0.999997181666719
-3.25000000000001 -0.99999600081158
-3.20000000000001 -0.999994353107064
-3.15000000000001 -0.999992065744858
-3.10000000000001 -0.999988906656609
-3.05000000000001 -0.999984565974341
-3.00000000000001 -0.999978632326396
-2.95000000000001 -0.999970562743199
-2.90000000000001 -0.999959644723288
-2.85000000000001 -0.99994494876568
-2.80000000000001 -0.99992526941427
-2.75000000000001 -0.99989905259094
-2.70000000000001 -0.999864306726765
-2.65000000000001 -0.999818494949444
-2.60000000000001 -0.999758405368091
-2.55000000000001 -0.99967999633683
-2.50000000000001 -0.999578213503831
-2.45000000000001 -0.999446775494725
-2.40000000000001 -0.999277925275291
-2.35000000000001 -0.999062144627574
-2.30000000000001 -0.9987878297982
-2.25000000000001 -0.998440927279224
-2.20000000000001 -0.998004529900172
-2.15000000000001 -0.997458434978691
-2.10000000000001 -0.99677866822126
-2.05000000000001 -0.99593697939588
-2.00000000000001 -0.994900318508938
-1.95000000000001 -0.993630304279114
-1.90000000000001 -0.99208270005609
-1.85000000000001 -0.991156269905559
-1.80000000000001 -0.989154184273649
-1.75000000000001 -0.98675925236378
-1.70000000000001 -0.983908575962058
-1.65000000000001 -0.980532211275365
-1.60000000000001 -0.976552972126067
-1.55000000000001 -0.971886349033774
-1.50000000000001 -0.966440566449618
-1.45000000000001 -0.960116799808161
-1.40000000000001 -0.952809572542965
-1.35000000000001 -0.944407350683207
-1.30000000000001 -0.93479334905334
-1.25000000000001 -0.923395539856932
-1.20000000000001 -0.910917133763269
-1.15000000000001 -0.896852365419482
-1.10000000000001 -0.881077828610324
-1.05000000000001 -0.863472792677365
-1.00000000000001 -0.843921292239982
-0.95000000000001 -0.820910224872194
-0.90000000000001 -0.796890924831625
-0.85000000000001 -0.7706519691313
-0.80000000000001 -0.742086639853776
-0.75000000000001 -0.711143395668311
-0.70000000000001 -0.677791154283866
-0.650000000000009 -0.642021425186206
-0.600000000000009 -0.603850136707255
-0.550000000000009 -0.563319087871064
-0.500000000000009 -0.520450833623754
-0.450000000000009 -0.475450526977246
-0.400000000000009 -0.428373893997509
-0.350000000000009 -0.379372045971632
-0.300000000000009 -0.328621906874913
-0.250000000000009 -0.27632436247416
-0.200000000000009 -0.222701903548307
-0.150000000000009 -0.167995804733054
-0.100000000000009 -0.112462893687401
-0.0500000000000094 -0.0563719770920143
-9.39526234589039E-15 -1.06014183004996E-14
0.0499999999999906 0.0563719770919931
0.0999999999999906 0.11246289368738
0.149999999999991 0.167995804733033
0.199999999999991 0.222701903548287
0.249999999999991 0.27632436247414
0.299999999999991 0.328621906874894
0.349999999999991 0.379372045971613
0.399999999999991 0.428373893997491
0.449999999999991 0.475450526977229
0.499999999999991 0.520450833623737
0.549999999999991 0.563319087871049
0.599999999999991 0.60385013670724
0.649999999999991 0.642021425186193
0.699999999999991 0.677791154283853
0.749999999999991 0.711143395668299
0.799999999999991 0.742086639853765
0.849999999999991 0.77065196913129
0.899999999999991 0.796890924831616
0.949999999999991 0.820910224872185
0.999999999999991 0.842729958487195
1.04999999999999 0.863472792677358
1.09999999999999 0.881077828610318
1.14999999999999 0.896852365419477
1.19999999999999 0.910917133763264
1.24999999999999 0.923395539856927
1.29999999999999 0.934793349053336
1.34999999999999 0.944407350683204
1.39999999999999 0.952809572542963
1.44999999999999 0.960116799808159
1.49999999999999 0.966440566449616
1.54999999999999 0.971886349033772
1.59999999999999 0.976552972126065
1.64999999999999 0.980532211275364
1.69999999999999 0.983908575962057
1.74999999999999 0.986759252363779
1.79999999999999 0.989154184273648
1.84999999999999 0.991156269905558
1.89999999999999 0.99208270005609
1.94999999999999 0.993630304279114
1.99999999999999 0.994900318508938
2.04999999999999 0.99593697939588
2.09999999999999 0.99677866822126
2.14999999999999 0.997458434978691
2.19999999999999 0.998004529900171
2.24999999999999 0.998440927279224
2.29999999999999 0.9987878297982
2.34999999999999 0.999062144627574
2.39999999999999 0.99927792527529
2.44999999999999 0.999446775494725
2.49999999999999 0.999578213503831
2.54999999999999 0.99967999633683
2.59999999999999 0.999758405368091
2.64999999999999 0.999818494949444
2.69999999999999 0.999864306726765
2.74999999999999 0.99989905259094
2.79999999999999 0.99992526941427
2.84999999999999 0.99994494876568
2.89999999999999 0.999959644723288
2.94999999999999 0.999970562743199
2.99999999999999 0.999978632326396
3.04999999999999 0.999984565974341
3.09999999999999 0.999988906656609
3.14999999999999 0.999992065744858
3.19999999999999 0.999994353107064
3.24999999999999 0.99999600081158
3.29999999999999 0.999997181666719
3.34999999999999 0.999998023620836
3.39999999999999 0.999998620870979
3.44999999999999 0.999999042374869
3.49999999999999 0.999999338329936
3.54999999999999 0.999999545072622
3.59999999999999 0.99999968875912
3.64999999999999 0.9999997881129
3.69999999999999 0.999999856462596
3.74999999999999 0.999999903244041
3.79999999999999 0.999999935100431
3.84999999999999 0.99999995668316
3.89999999999999 0.999999971231184
3.94999999999999 0.9999999809876
3.99999999999998 0.99999998749738
4.04999999999998 0.999999991818862
4.09999999999998 0.9999999946731
4.14999999999998 0.999999996548699
4.19999999999998 0.999999997774958
4.24999999999998 0.999999998572618
4.29999999999998 0.999999999088853
4.34999999999998 0.999999999421262
4.39999999999998 0.999999999634219
4.44999999999998 0.99999999976996
4.49999999999998 0.999999999856043
4.54999999999998 0.99999999991036
4.59999999999998 0.999999999944458
4.64999999999998 0.999999999965757
4.69999999999998 0.999999999978992
4.74999999999998 0.999999999987176
4.79999999999998 0.999999999992211
4.84999999999998 0.999999999995292
4.89999999999998 0.999999999997169
4.94999999999998 0.999999999998306
4.99999999999998 0.999999999998991
