0 1 1 0
0.05 0.998750260394966 0.977015115293407 0.0494253778823352
0.1 0.995004165278026 0.954030230586814 0.0977015115293407
0.15 0.988771077936042 0.931045345880221 0.144828400941017
0.2 0.980066577841242 0.908060461173628 0.190806046117363
0.25 0.968912421710645 0.885075576467035 0.235634447058379
0.3 0.955336489125606 0.862090691760442 0.279313603764066
0.35 0.939372712847379 0.839105807053849 0.321843516234424
0.4 0.921060994002885 0.816120922347256 0.363224184469451
0.45 0.900447102352677 0.793136037640663 0.403455608469149
0.5 0.877582561890373 0.77015115293407 0.442537788233517
0.55 0.852524522059506 0.747166268227477 0.480470723762556
0.6 0.825335614909678 0.724181383520884 0.517254415056265
0.65 0.796083798549056 0.701196498814291 0.552888862114644
0.7 0.764842187284488 0.678211614107698 0.587374064937694
0.75 0.731688868873821 0.655226729401105 0.620710023525414
0.8 0.696706709347165 0.632241844694512 0.652896737877805
0.85 0.659983145884982 0.609256959987919 0.683934207994866
0.9 0.621609968270664 0.586272075281326 0.713822433876597
0.95 0.581683089463883 0.563287190574733 0.742561415522998
1 0.54030230586814 0.54030230586814 0.77015115293407
1.05 0.497571047891727 0.492479848747375 0.795970706799458
1.1 0.453596121425577 0.444657391626611 0.819399137808808
1.15 0.408487440884157 0.396834934505847 0.840436445962119
1.2 0.362357754476673 0.349012477385083 0.859082631259392
1.25 0.315322362395268 0.301190020264319 0.875337693700627
1.3 0.267498828624587 0.253367563143555 0.889201633285824
1.35 0.219006687093041 0.205545106022791 0.900674450014983
1.4 0.16996714290024 0.157722648902026 0.909756143888103
1.45 0.120502769367366 0.109900191781262 0.916446714905186
1.5 0.0707372016677022 0.0620777346604981 0.920746163066229
1.55 0.0207948278030918 0.0142552775397339 0.922654488371235
1.6 -0.0291995223012895 -0.0335671795810303 0.922171690820203
1.65 -0.0791208888067347 -0.0813896367017943 0.919297770413132
1.7 -0.128844494295526 -0.129212093822558 0.914032727150023
1.75 -0.178246055649493 -0.177034550943323 0.906376561030876
1.8 -0.227202094693088 -0.224857008064087 0.896329272055691
1.85 -0.275590246824514 -0.272679465184851 0.883890860224468
1.9 -0.323289566863504 -0.320501922305615 0.869061325537206
1.95 -0.370180831351288 -0.368324379426379 0.851840667993906
2 -0.416146836547143 -0.416146836547143 0.832228887594568
2.05 -0.461072691376714 -0.444839119549808 0.810704238692144
2.1 -0.504846104599858 -0.473531402552473 0.787744975639588
2.15 -0.547357665480271 -0.502223685555138 0.763351098436897
2.2 -0.588501117255346 -0.530915968557803 0.737522607084074
2.25 -0.628173622722739 -0.559608251560468 0.710259501581117
2.3 -0.666276021279824 -0.588300534563133 0.681561781928027
2.35 -0.702713076773554 -0.616992817565798 0.651429448124804
2.4 -0.737393715541245 -0.645685100568463 0.619862500171448
2.45 -0.770231254047307 -0.674377383571128 0.586860938067958
2.5 -0.801143615546933 -0.703069666573793 0.552424761814335
2.55 -0.830053535235222 -0.731761949576458 0.516553971410579
2.6 -0.856888753368947 -0.760454232579123 0.47924856685669
2.65 -0.881582195878285 -0.789146515581789 0.440508548152667
2.7 -0.90407214201706 -0.817838798584454 0.400333915298511
2.75 -0.924302378632463 -0.846531081587119 0.358724668294222
2.8 -0.942222340668658 -0.875223364589784 0.315680807139799
2.85 -0.95778723755309 -0.903915647592449 0.271202331835244
2.9 -0.97095816514959 -0.932607930595114 0.225289242380555
2.95 -0.981702202998454 -0.961300213597779 0.177941538775733
3 -0.989992496600445 -0.989992496600444 0.129159221020777
3.05 -0.995808324539061 -0.973175052813605 0.0800800322854262
3.1 -0.999135150273279 -0.956357609026763 0.0318417157394172
3.15 -0.999964658471342 -0.939540165239921 -0.0155557286172497
3.2 -0.998294775794753 -0.92272272145308 -0.0621123007845746
3.25 -0.994129676080547 -0.905905277666238 -0.107828000762557
3.3 -0.987479769908865 -0.889087833879397 -0.152702828551198
3.35 -0.978361678581935 -0.872270390092555 -0.196736784150497
3.4 -0.966798192579462 -0.855452946305713 -0.239929867560453
3.45 -0.952818214594306 -0.838635502518872 -0.282282078781068
3.5 -0.936456687290798 -0.82181805873203 -0.32379341781234
3.55 -0.917754505966278 -0.805000614945189 -0.36446388465427
3.6 -0.896758416334149 -0.788183171158347 -0.404293479306859
3.65 -0.87352089768394 -0.771365727371505 -0.443282201770105
3.69999999999999 -0.848100031710411 -0.754548283584664 -0.481430052044009
3.74999999999999 -0.820559357339564 -0.737730839797822 -0.518737030128571
3.79999999999999 -0.79096771191442 -0.72091339601098 -0.555203136023791
3.84999999999999 -0.759399059137512 -0.704095952224139 -0.590828369729669
3.89999999999999 -0.725932304200144 -0.687278508437297 -0.625612731246205
3.94999999999999 -0.690651096560512 -0.670461064650456 -0.659556220573398
3.99999999999999 -0.653643620863617 -0.653643620863614 -0.69265883771125
4.04999999999999 -0.615002376525579 -0.606778330547276 -0.724169386496522
4.09999999999999 -0.574823946533274 -0.559913040230934 -0.753336670765977
4.14999999999999 -0.53320875603716 -0.513047749914593 -0.780160690519615
4.19999999999999 -0.490260821340706 -0.466182459598251 -0.804641445757436
4.24999999999999 -0.446087489913799 -0.419317169281909 -0.82677893647944
4.29999999999999 -0.400799172079982 -0.372451878965567 -0.846573162685627
4.34999999999999 -0.354509065048139 -0.325586588649226 -0.864024124375997
4.39999999999999 -0.307332869978427 -0.278721298332884 -0.87913182155055
4.44999999999999 -0.259388502789634 -0.231856008016542 -0.891896254209285
4.49999999999999 -0.210795799430788 -0.1849907177002 -0.902317422352204
4.54999999999999 -0.161676216353694 -0.138125427383859 -0.910395325979305
4.59999999999999 -0.112152526935063 -0.0912601370675168 -0.91612996509059
4.64999999999999 -0.0623485146070005 -0.0443948467511751 -0.919521339686057
4.69999999999999 -0.0123886634628994 0.00247044356516668 -0.920569449765707
4.74999999999999 0.0376021528879677 0.0493357338815085 -0.91927429532954
4.79999999999999 0.0874989834394375 0.0962010241978501 -0.915635876377556
4.84999999999999 0.137177112100899 0.143066314514192 -0.909654192909755
4.89999999999999 0.186512369422566 0.189931604830534 -0.901329244926137
4.94999999999999 0.235381442954442 0.236796895146875 -0.890661032426702
4.99999999999999 0.283662185463217 0.283662185463217 -0.87764955541145
5.04999999999999 0.331233920236744 0.317487590522577 -0.862620811011805
5.09999999999999 0.377977742712971 0.351312995581933 -0.845900796359192
5.14999999999999 0.423776817679419 0.38513840064129 -0.827489511453612
5.19999999999999 0.468516671300368 0.418963805700647 -0.807386956295063
5.24999999999999 0.512085477241832 0.452789210760004 -0.785593130883547
5.29999999999999 0.554374336179152 0.486614615819361 -0.762108035219063
5.34999999999999 0.595277547988598 0.520440020878718 -0.736931669301611
5.39999999999999 0.634692875942626 0.554265425938075 -0.710064033131191
5.44999999999999 0.672521802248457 0.588090830997431 -0.681505126707804
5.49999999999999 0.708669774291252 0.621916236056788 -0.651254950031448
5.54999999999999 0.743046440966402 0.655741641116145 -0.619313503102125
5.59999999999999 0.775565878510242 0.689567046175502 -0.585680785919834
5.64999999999999 0.806146805264708 0.723392451234859 -0.550356798484575
5.69999999999999 0.834712784839153 0.757217856294216 -0.513341540796349
5.74999999999999 0.861192417161515 0.791043261353573 -0.474635012855154
5.79999999999999 0.885519516941313 0.824868666412929 -0.434237214660992
5.84999999999999 0.907633279098408 0.858694071472286 -0.392148146213861
5.89999999999999 0.927478430744031 0.892519476531643 -0.348367807513763
5.94999999999999 0.945005369334223 0.926344881591 -0.302896198560697
5.99999999999999 0.960170286650362 0.960170286650357 -0.255733319354663
6.04999999999999 0.972935278296894 0.949856885035016 -0.207982640062529
6.09999999999999 0.983268438442582 0.939543483419663 -0.160747630851162
6.14999999999999 0.991143939568467 0.92923008180431 -0.114028291720563
6.19999999999999 0.996542097023216 0.918916680188957 -0.0678246226707317
6.24999999999999 0.999449418224499 0.908603278573604 -0.0221366237016679
6.29999999999999 0.999858636383415 0.898289876958251 0.0230357051866283
6.34999999999999 0.997768728667685 0.887976475342897 0.0676923639941568
6.39999999999999 0.993184918758194 0.877663073727544 0.111833352720918
6.44999999999999 0.986118663792515 0.867349672112191 0.155458671366911
6.49999999999998 0.976587625728027 0.857036270496838 0.198568319932137
6.54999999999998 0.964615627196222 0.846722868881485 0.241162298416594
6.59999999999998 0.950232591958534 0.836409467266132 0.283240606820285
6.64999999999998 0.933474470112518 0.826096065650779 0.324803245143207
6.69999999999998 0.914383148235326 0.815782664035426 0.365850213385362
6.74999999999998 0.893006344689084 0.805469262420073 0.40638151154675
6.79999999999998 0.869397490349833 0.79515586080472 0.446397139627369
6.84999999999998 0.843615595058168 0.784842459189367 0.485897097627222
6.89999999999998 0.815725100125367 0.774529057574014 0.524881385546306
6.94999999999998 0.785795717263671 0.764215655958661 0.563350003384623
6.99999999999998 0.753902254343316 0.753902254343308 0.601302951142172
7.04999999999998 0.720124428411806 0.708932139935724 0.637873810999148
7.09999999999998 0.684546666442819 0.663962025528128 0.672196165135744
7.14999999999998 0.647257894312737 0.618991911120533 0.70427001355196
7.19999999999998 0.608351314532269 0.574021796712937 0.734095356247797
7.24999999999998 0.567924173288709 0.529051682305341 0.761672193223254
7.29999999999998 0.52607751738112 0.484081567897745 0.787000524478331
7.34999999999998 0.482915941655953 0.43911145349015 0.810080350013028
7.39999999999998 0.438547327574407 0.394141339082554 0.830911669827346
7.44999999999998 0.393082573564958 0.349171224674958 0.849494483921283
7.49999999999998 0.346635317835043 0.304201110267362 0.865828792294841
7.54999999999998 0.299321654334725 0.259230995859767 0.879914594948019
7.59999999999998 0.251259842582274 0.214260881452171 0.891751891880818
7.64999999999998 0.202570012076963 0.169290767044575 0.901340683093237
7.69999999999998 0.153373862037884 0.124320652636979 0.908680968585275
7.74999999999998 0.103794357219272 0.0793505382293835 0.913772748356934
7.79999999999998 0.0539554205626693 0.0343804238217879 0.916616022408214
7.84999999999998 0.00398162345409928 -0.0105896905858079 0.917210790739113
7.89999999999998 -0.0460021256395165 -0.0555598049934036 0.915557053349633
7.94999999999998 -0.0958708933764775 -0.100529919400999 0.911654810239773
7.99999999999998 -0.145500033808593 -0.145500033808595 0.905504061409533
8.04999999999998 -0.19476549993114 -0.183781545212401 0.897272021934008
8.09999999999998 -0.243544153735772 -0.222063056616205 0.887125906888293
8.14999999999998 -0.291714073991408 -0.260344568020008 0.875065716272387
8.19999999999998 -0.339154860983818 -0.298626079423812 0.861091450086292
8.24999999999998 -0.385747937452205 -0.336907590827616 0.845203108330006
8.29999999999998 -0.431376844970605 -0.375189102231419 0.827400691003529
8.34999999999998 -0.475927535033296 -0.413470613635223 0.807684198106863
8.39999999999998 -0.519288654116672 -0.451752125039027 0.786053629640007
8.44999999999999 -0.56135182200506 -0.490033636442831 0.76250898560296
8.49999999999999 -0.602011902684812 -0.528315147846634 0.737050265995723
8.54999999999999 -0.641167267129591 -0.566596659250438 0.709677470818296
8.59999999999999 -0.678720047320003 -0.604878170654242 0.680390600070678
8.64999999999999 -0.714576380862683 -0.643159682058046 0.649189653752871
8.69999999999999 -0.748646645597392 -0.681441193461849 0.616074631864873
8.74999999999999 -0.780845683605742 -0.719722704865653 0.581045534406685
8.79999999999999 -0.81109301406165 -0.758004216269457 0.544102361378306
8.84999999999999 -0.839313034391479 -0.79628572767326 0.505245112779738
8.89999999999999 -0.865435209241108 -0.834567239077064 0.464473788610979
8.94999999999999 -0.889394246777578 -0.872848750480868 0.42178838887203
8.99999999999999 -0.911130261884674 -0.911130261884671 0.377188913562891
